0,0,0,0,0,0,0,0.002700913274148102,0.004054551046876776,0.005717833446240926,0.007574898602530123,0.009427113625138031,0.01102141243328474,0.01210465350068055,0.01248889644938809,0.01210465350068055,0.01102141243328474,0.009427113625138031,0.007574898602530123,0.005717833446240926,0.004054551046876776,0.002700913274148102,0,0,0,0.002700913274148102,0.004054551046876776,0.005717833446240926,0.007574898602530123,0.009427113625138031,0.01102141243328474,0.01210465350068055,0.01248889644938809,0.01542508871941994,0.01600597606999487,0.01645647503837064,0.01688728946637749,0.01730729112767625,0.01760399980334366,0.01758207150273804,0.01535353689829869,0.01488115822858993,0.01354944875646689,0.01158945768143532,0.009312390863847364,0.007029361413232612,0.004984563636710133,0.003320435218739396,0,0,0,0,0,0,0,0,0,0,0,0,0,0,0,0,0,0,0,0,0,0,0,0,0,0,0,0,0,0,0,0,0,0,0,0,0,0,0,0,0,0,0,0,0,0,0,0,0,0,0,0,0,0,0,0,0,0,0,0.004177966591641107,0.006271870696513807,0.008844755343911423,0.01171739707429954,0.01458253626964539,0.01704871214477826,0.01872434720999553,0.0193187217936371,0.01872434720999553,0.01704871214477826,0.01701034738418338,0.01536197322203752,0.01398443151372078,0.0130808353510792,0.01265186001731637,0.00990698511483144,0.01088069453687019,0.01122608485742732,0.01088069453687019,0.00990698511483144,0.008473893425675262,0.006808964654565397,0.005139676169809363,0.003644576147737987,0.002427811114537991,0,0,0,0,0,0.001695347307309895,0.002545017741023601,0.003589050277739301,0.004754719106260628,0.005917343534520988,0.00691807547853034,0.007598019497597825,0.0078392065266962,0.007598019497597825,0.00691807547853034,0.005917343534520988,0.004754719106260628,0.003589050277739301,0.002545017741023601,0.001695347307309895,0,0,0,0,0,0.003320435218739396,0.004984563636710133,0.007029361413232612,0.009312390863847364,0.01158945768143532,0.01354944875646689,0.01488115822858993,0.01535353689829869,0.01488115822858993,0.01354944875646689,0.01429037095558342,0.01336694191072414,0.01274719485947354,0.01255946223924026,0.01274754884387743,0.01102141243328474,0.01210465350068055,0.01248889644938809,0.01210465350068055,0.01102141243328474,0.009427113625138031,0.007574898602530123,0.005717833446240926,0.004054551046876776,0.002700913274148102,0,0,0,0,0,0,0,0,0,0,0,0,0,0,0,0,0,0,0,0,0,0,0,0,0,0,0,0,0,0,0,0,0,0,0,0,0,0,0,0,0,0,0,0,0,0,0.0007906096687200192,0.001186845683147944,0.001673720681814422,0.002217319649637031,0.002759498889318159,0.003226181053686119,0.003543266711206109,0.003655742070297929,0.003543266711206109,0.003226181053686119,0.002759498889318159,0.002217319649637031,0.001673720681814422,0.001186845683147944,0.0007906096687200192,0.002170566498932365,0.003258406241621257,0.004595089314298732,0.006087504288580833,0.007576021493251185,0.008857266476336594,0.009727804154707139,0.01003659780606147,0.009727804154707139,0.008857266476336594,0.007576021493251185,0.006087504288580833,0.004595089314298732
0,0,0,0,0,0,0,0.002875107214348348,0.004316047122799934,0.006086602020538674,0.008063437589257951,0.01003511021754849,0.01173223246468001,0.01288533657859511,0.01329436106837255,0.01288533657859511,0.01173223246468001,0.01003511021754849,0.008063437589257951,0.006086602020538674,0.004316047122799934,0.002875107214348348,0,0,0,0.002875107214348348,0.004316047122799934,0.006086602020538674,0.008063437589257951,0.01003511021754849,0.01173223246468001,0.01288533657859511,0.01329436106837255,0.01620577179733451,0.01671679610139014,0.0170644716307811,0.01737582845310531,0.01767605970197399,0.01786549587926682,0.01775626544293828,0.01535353689829869,0.01488115822858993,0.01354944875646689,0.01158945768143532,0.009312390863847364,0.007029361413232612,0.004984563636710133,0.003320435218739396,0,0,0,0,0,0,0,0,0,0,0,0,0,0,0,0,0,0,0,0,0,0,0,0,0,0,0,0,0,0,0,0,0,0,0,0,0,0,0,0,0,0,0,0,0,0,0,0,0,0,0,0,0,0,0,0,0,0,0,0.004713329768211011,0.007075546012118093,0.009978119197603724,0.01321886023376531,0.01645113736267055,0.01923332815116648,0.02112367850709033,0.02179421604182093,0.02112367850709033,0.01923332815116648,0.01911756623324181,0.01722164405954628,0.01562294916089959,0.01455373071310848,0.01402008099818233,0.01088069453687019,0.01195010512607307,0.01232944218274712,0.01195010512607307,0.01088069453687019,0.009306751229971317,0.007478184700990384,0.005644829963295865,0.004002783825780971,0.002666428870571256,0,0,0,0,0,0.002044979205351603,0.003069877384535718,0.004329221011701917,0.00573528601347146,0.007137678767554879,0.008344791909980824,0.009164960953692899,0.009455888043959339,0.009164960953692899,0.008344791909980824,0.007137678767554879,0.00573528601347146,0.004329221011701917,0.003069877384535718,0.002044979205351603,0,0,0,0,0,0.003320435218739396,0.004984563636710133,0.007029361413232612,0.009312390863847364,0.01158945768143532,0.01354944875646689,0.01488115822858993,0.01535353689829869,0.01488115822858993,0.01354944875646689,0.01446456489578367,0.0136284379866473,0.01311596343377129,0.01304800122596808,0.01335554543628789,0.01173223246468001,0.01288533657859511,0.01329436106837255,0.01288533657859511,0.01225889204405825,0.01082571988626851,0.009178375927550914,0.007563655338031679,0.006154269676662597,0.005024207110234002,0.002360324480688309,0.002435249222508907,0.002360324480688309,0.002149099895885654,0.001838222553862663,0.001477053317493005,0.001114938338292962,0.0007906096687200192,0.000526659579378242,0,0,0,0,0,0,0,0,0,0,0,0,0,0,0,0,0,0,0,0,0,0,0,0,0,0,0,0,0,0,0,0,0,0,0,0,0,0.001114938338292962,0.001673720681814422,0.002360324480688309,0.003126921897670497,0.00389151717706505,0.004549644515292227,0.004996806964828454,0.005155422644507358,0.004996806964828454,0.004549644515292227,0.00389151717706505,0.003126921897670497,0.002360324480688309,0.001673720681814422,0.001114938338292962,0.002459574070543887,0.003692257992156418,0.005206918348201512,0.006898046067643043,0.008584757035478608,0.01003659780606147,0.01102304622964344,0.01137295527799246,0.01102304622964344,0.01003659780606147,0.008584757035478608,0.006898046067643043,0.005206918348201512
0,0,0,0,0,0,0,0.002875107214348348,0.004316047122799934,0.006086602020538674,0.008063437589257951,0.01003511021754849,0.01173223246468001,0.01288533657859511,0.01329436106837255,0.01288533657859511,0.01173223246468001,0.01003511021754849,0.008063437589257951,0.006086602020538674,0.004316047122799934,0.002875107214348348,0,0,0,0.002875107214348348,0.004316047122799934,0.006086602020538674,0.008063437589257951,0.01003511021754849,0.01173223246468001,0.01288533657859511,0.01329436106837255,0.01600459679730482,0.01641479665743055,0.0166385841523762,0.01681161921278103,0.01697388995740299,0.01704457627854674,0.01685466164407998,0.01442331312265048,0.01397955442973163,0.0127285291557468,0.01088728793686432,0.008748181623523081,0.00660347393482771,0.004682564192750544,0.00311926021870971,0,0,0,0,0,0,0,0,0,0,0,0,0,0,0,0,0,0,0,0,0,0,0,0,0,0,0,0,0,0,0,0,0,0,0,0,0,0,0,0,0,0,0,0,0,0,0,0,0,0,0,0,0,0,0,0,0,0,0,0.005024207110234002,0.007542228176486053,0.0106362465358309,0.01409073730075147,0.01753620590403496,0.02050190179823384,0.02251693409305052,0.02323169830759666,0.02251693409305052,0.02050190179823384,0.02028727631281213,0.01822058312464503,0.01646026263691481,0.01525779594179353,0.01462638633699107,0.01122608485742732,0.01232944218274712,0.01272082069019069,0.01232944218274712,0.01122608485742732,0.009602179226757072,0.007715567765307477,0.005824016101083911,0.004129845823893553,0.002751070408777172,0,0,0,0,0,0.002317265023097996,0.003478626809391484,0.004905650092394428,0.00649893047406099,0.008088049653942744,0.009455888043959339,0.01038526132709497,0.01071492490938562,0.01038526132709497,0.009455888043959339,0.008088049653942744,0.00649893047406099,0.004905650092394428,0.003478626809391484,0.002317265023097996,0,0,0,0,0,0.00311926021870971,0.004682564192750544,0.00660347393482771,0.008748181623523081,0.01088728793686432,0.0127285291557468,0.01397955442973163,0.01442331312265048,0.01397955442973163,0.0127285291557468,0.01376239515121267,0.01306422874632301,0.01269007595536639,0.0127460017820085,0.0131543704362582,0.01173223246468001,0.01288533657859511,0.01329436106837255,0.01288533657859511,0.01252284213340003,0.01122195590069643,0.009737158271072374,0.008303921670175705,0.007075546012118093,0.006101288268034467,0.003543266711206109,0.003655742070297929,0.003543266711206109,0.003226181053686119,0.002759498889318159,0.002217319649637031,0.001673720681814422,0.001186845683147944,0.0007906096687200192,0,0,0,0,0,0,0,0,0,0,0,0,0,0,0,0,0,0,0,0,0,0,0,0,0,0,0,0,0,0,0,0,0,0,0,0,0,0.001477053317493005,0.002217319649637031,0.003126921897670497,0.004142498471769416,0.005155422644507358,0.00602729971149352,0.006619693709314979,0.00682982534424901,0.006619693709314979,0.00602729971149352,0.005155422644507358,0.004142498471769416,0.003126921897670497,0.002217319649637031,0.001477053317493005,0.002618202969392012,0.003930388173545688,0.005542735729698243,0.007342931816366148,0.009138426295423087,0.01068390275093958,0.01173397163185085,0.0121064478749436,0.01173397163185085,0.01068390275093958,0.009138426295423087,0.007342931816366148,0.005542735729698243
0,0,0,0,0,0,0,0.002700913274148102,0.004054551046876776,0.005717833446240926,0.007574898602530123,0.009427113625138031,0.01102141243328474,0.01210465350068055,0.01248889644938809,0.01210465350068055,0.01102141243328474,0.009427113625138031,0.007574898602530123,0.005717833446240926,0.004054551046876776,0.002700913274148102,0,0,0,0.002700913274148102,0.004054551046876776,0.005717833446240926,0.007574898602530123,0.009427113625138031,0.01102141243328474,0.01210465350068055,0.01248889644938809,0.01485739098204721,0.01515376082954063,0.0152546589189216,0.01529514178853672,0.01532583132807032,0.01528743860128104,0.01503782675789902,0.0127285291557468,0.01233691348375092,0.01123288755440427,0.009607997881829391,0.007720243186006596,0.005827545293783565,0.004132348396255891,0.002752737481366666,0,0,0,0,0,0,0,0,0,0,0,0,0,0,0,0,0,0,0,0,0,0,0,0,0,0,0,0,0,0,0,0,0,0,0,0,0,0,0,0,0,0,0,0,0,0,0,0,0,0,0,0,0,0,0,0,0,0,0,0.005061237754836412,0.007597817758082884,0.01071464041106938,0.0141945923118451,0.01766545555363325,0.02065300994774015,0.02268289392823272,0.02340292627345553,0.02268289392823272,0.02065300994774015,0.02033188442420451,0.01819737613762607,0.01635947037436524,0.01507600245907327,0.01436798898480773,0.01088069453687019,0.01195010512607307,0.01232944218274712,0.01195010512607307,0.01088069453687019,0.009306751229971317,0.007478184700990384,0.005644829963295865,0.004002783825780971,0.002666428870571256,0,0,0,0,0,0.002466715776931983,0.003702978963240348,0.005222037340743754,0.00691807547853034,0.008609684040074559,0.01006574042694235,0.01105505313710653,0.01140597819376194,0.01105505313710653,0.01006574042694235,0.008609684040074559,0.00691807547853034,0.005222037340743754,0.003702978963240348,0.002466715776931983,0,0,0,0,0,0.002752737481366666,0.004132348396255891,0.005827545293783565,0.007720243186006596,0.009607997881829391,0.01123288755440427,0.01233691348375092,0.0127285291557468,0.01233691348375092,0.01123288755440427,0.01230891115597749,0.01177479423288337,0.01154537874002449,0.01170724699878601,0.0121798511065047,0.01102141243328474,0.01210465350068055,0.01248889644938809,0.01210465350068055,0.0121363507715777,0.01110083430695245,0.009935223083218432,0.008844755343911423,0.007946068223941826,0.007250557789440329,0.004996806964828454,0.005155422644507358,0.004996806964828454,0.004549644515292227,0.00389151717706505,0.003126921897670497,0.002360324480688309,0.001673720681814422,0.001114938338292962,0,0,0,0,0,0,0,0,0,0,0,0,0,0,0,0,0,0,0,0,0,0,0,0,0,0,0,0,0,0,0,0,0,0,0,0,0,0.001838222553862663,0.002759498889318159,0.00389151717706505,0.005155422644507358,0.006416027145122064,0.007501095686486469,0.00823834192849522,0.008499854973448386,0.00823834192849522,0.007501095686486469,0.006416027145122064,0.005155422644507358,0.00389151717706505,0.002759498889318159,0.001838222553862663,0.002618202969392012,0.003930388173545688,0.005542735729698243,0.007342931816366148,0.009138426295423087,0.01068390275093958,0.01173397163185085,0.0121064478749436,0.01173397163185085,0.01068390275093958,0.009138426295423087,0.007342931816366148,0.005542735729698243
0,0,0,0,0,0,0,0.002383547598585318,0.003578128740239884,0.00504597030580222,0.006684824554125213,0.008319398574497349,0.009726362334481131,0.01068231922121036,0.01102141243328474,0.01068231922121036,0.009726362334481131,0.008319398574497349,0.006684824554125213,0.00504597030580222,0.003578128740239884,0.002383547598585318,0,0,0,0.002383547598585318,0.003578128740239884,0.00504597030580222,0.006684824554125213,0.008319398574497349,0.009726362334481131,0.01068231922121036,0.01102141243328474,0.0129644187479699,0.01315219948144334,0.01315060331055908,0.01308513095475851,0.01301128031725439,0.01289051960408725,0.01261120810508723,0.01055232130172229,0.01022766050650192,0.009312390863847364,0.007965310011452174,0.006400306400633293,0.004831204736061731,0.003425837146962213,0.002282099526759544,0,0,0,0,0,0,0,0,0,0,0,0,0,0,0,0,0,0,0,0,0,0,0,0,0,0,0,0,0,0,0,0,0,0,0,0,0,0,0,0,0,0,0,0,0,0,0,0,0,0,0,0,0,0,0,0,0,0,0,0.004818796821094225,0.007233870810537813,0.01020139295030958,0.01351464989837422,0.01681925354794574,0.01966369957370524,0.0215963490452778,0.02228189075351491,0.0215963490452778,0.01966369957370524,0.01924706466248373,0.01715922604611221,0.01534106912011894,0.01404283546510321,0.01329269024676949,0.00990698511483144,0.01088069453687019,0.01122608485742732,0.01088069453687019,0.00990698511483144,0.008473893425675262,0.006808964654565397,0.005139676169809363,0.003644576147737987,0.002427811114537991,0,0,0,0,0,0.002466715776931983,0.003702978963240348,0.005222037340743754,0.00691807547853034,0.008609684040074559,0.01006574042694235,0.01105505313710653,0.01140597819376194,0.01105505313710653,0.01006574042694235,0.008609684040074559,0.00691807547853034,0.005222037340743754,0.003702978963240348,0.002466715776931983,0,0,0,0,0,0.002282099526759544,0.003425837146962213,0.004831204736061731,0.006400306400633293,0.007965310011452174,0.009312390863847364,0.01022766050650192,0.01055232130172229,0.01022766050650192,0.009312390863847364,0.01034885761003749,0.009978435140873177,0.009877175041863952,0.01011066170108743,0.01060149810125689,0.009726362334481131,0.01068231922121036,0.01102141243328474,0.01068231922121036,0.01120341565197414,0.01053671822413438,0.00981174645179571,0.009188468777571636,0.008733551384747242,0.008410847310078838,0.006619693709314979,0.00682982534424901,0.006619693709314979,0.00602729971149352,0.005155422644507358,0.004142498471769416,0.003126921897670497,0.002217319649637031,0.001477053317493005,0,0,0,0,0,0,0,0,0,0,0,0,0,0,0,0,0,0,0,0,0,0,0,0,0,0,0,0,0,0,0,0,0,0,0,0,0,0.002149099895885654,0.003226181053686119,0.004549644515292227,0.00602729971149352,0.007501095686486469,0.008769669333553833,0.009631597514455409,0.009937337239224112,0.009631597514455409,0.008769669333553833,0.007501095686486469,0.00602729971149352,0.004549644515292227,0.003226181053686119,0.002149099895885654,0.002459574070543887,0.003692257992156418,0.005206918348201512,0.006898046067643043,0.008584757035478608,0.01003659780606147,0.01102304622964344,0.01137295527799246,0.01102304622964344,0.01003659780606147,0.008584757035478608,0.006898046067643043,0.005206918348201512
0,0,0,0,0,0,0,0.001976030363796197,0.002966372914257018,0.0041832563129837,0.005541914205297114,0.006897023664006817,0.008063437589257951,0.008855953684081567,0.009137071830668548,0.008855953684081567,0.008063437589257951,0.006897023664006817,0.005541914205297114,0.0041832563129837,0.002966372914257018,0.001976030363796197,0,0,0,0.001976030363796197,0.002966372914257018,0.0041832563129837,0.005541914205297114,0.006897023664006817,0.008063437589257951,0.008855953684081567,0.009137071830668548,0.008855953684081567,0.008063437589257951,0.006897023664006817,0.005541914205297114,0.0041832563129837,0.002966372914257018,0.001976030363796197,0,0,0,0,0,0,0,0,0,0,0,0,0,0,0,0,0,0,0,0,0,0,0,0,0,0,0,0,0,0,0,0,0,0,0,0,0,0,0,0,0,0,0,0,0,0,0,0,0,0,0,0,0,0,0,0,0,0,0,0,0,0,0,0,0,0,0,0.004336354844484507,0.006509639625463127,0.009180063277812154,0.01216160791461209,0.01513536559250204,0.01769503510371336,0.01943419411163373,0.02005110165473598,0.01943419411163373,0.01769503510371336,0.01721198248490713,0.01527897909259587,0.0135762612735319,0.01233365572654704,0.01158445999023693,0.008473893425675262,0.009306751229971317,0.009602179226757072,0.009306751229971317,0.008473893425675262,0.007248105145752422,0.005824016101083911,0.00439619799571975,0.003117371177983774,0.002076616892405096,0,0,0,0,0,0.002317265023097996,0.003478626809391484,0.004905650092394428,0.00649893047406099,0.008088049653942744,0.009455888043959339,0.01038526132709497,0.01071492490938562,0.01038526132709497,0.009455888043959339,0.008088049653942744,0.00649893047406099,0.004905650092394428,0.003478626809391484,0.002317265023097996,0,0,0,0,0,0,0,0,0,0,0,0,0,0,0,0.001976030363796197,0.002966372914257018,0.0041832563129837,0.005541914205297114,0.006897023664006817,0.008063437589257951,0.008855953684081567,0.009137071830668548,0.008855953684081567,0.009901660143120614,0.009656522553324975,0.009433431382362164,0.009338678957491058,0.009382400059379082,0.009477126050282666,0.00823834192849522,0.008499854973448386,0.00823834192849522,0.007501095686486469,0.006416027145122064,0.005155422644507358,0.00389151717706505,0.002759498889318159,0.001838222553862663,0,0,0,0,0,0,0,0,0,0,0,0,0,0,0,0,0,0,0,0,0,0,0,0,0,0,0,0,0,0,0,0,0,0,0,0,0,0.002360324480688309,0.003543266711206109,0.004996806964828454,0.006619693709314979,0.00823834192849522,0.009631597514455409,0.01057824042755217,0.01091402982406744,0.01057824042755217,0.009631597514455409,0.00823834192849522,0.006619693709314979,0.004996806964828454,0.003543266711206109,0.002360324480688309,0.002170566498932365,0.003258406241621257,0.004595089314298732,0.006087504288580833,0.007576021493251185,0.008857266476336594,0.009727804154707139,0.01003659780606147,0.009727804154707139,0.008857266476336594,0.007576021493251185,0.006087504288580833,0.004595089314298732
0,0,0,0,0,0,0,0.001538933994697351,0.002310213548505171,0.003257923292340103,0.004316047122799934,0.005371407430390519,0.006279811508761494,0.006897023664006817,0.00711595869670434,0.006897023664006817,0.006279811508761494,0.005371407430390519,0.004316047122799934,0.003257923292340103,0.002310213548505171,0.001538933994697351,0,0,0,0.001538933994697351,0.002310213548505171,0.003257923292340103,0.004316047122799934,0.005371407430390519,0.006279811508761494,0.006897023664006817,0.00711595869670434,0.006897023664006817,0.006279811508761494,0.005371407430390519,0.004316047122799934,0.003257923292340103,0.002310213548505171,0.001538933994697351,0,0,0,0,0,0,0,0,0,0,0,0,0,0,0,0,0,0,0,0,0,0,0,0,0,0,0,0,0,0,0,0,0,0,0,0,0,0,0,0,0,0,0,0,0,0,0,0.000526659579378242,0.0007906096687200192,0.001114938338292962,0.001477053317493005,0.001838222553862663,0.002149099895885654,0.002360324480688309,0.002435249222508907,0.002360324480688309,0.002149099895885654,0.001838222553862663,0.001477053317493005,0.001114938338292962,0.0007906096687200192,0.000526659579378242,0,0.000526659579378242,0.0007906096687200192,0.001114938338292962,0.001477053317493005,0.005526256444445668,0.007685494498076944,0.01016789228832064,0.01277859605680236,0.0152328275975653,0.01719858073820098,0.01836684373232489,0.01853034925342146,0.01764355951675519,0.01584009051103535,0.01506777124620675,0.01284822494637108,0.01134001213559975,0.01021612300894076,0.009512049991666917,0.006808964654565397,0.007478184700990384,0.007715567765307477,0.007478184700990384,0.006808964654565397,0.005824016101083911,0.004679728406749473,0.003532444327967423,0.002504878112077621,0.001668608549951522,0,0,0,0,0,0.002044979205351603,0.003069877384535718,0.004329221011701917,0.00573528601347146,0.007137678767554879,0.008871451489359066,0.009955570622412918,0.0105708263822523,0.0106420142711859,0.01018301446384349,0.009286778663440532,0.00809561049415977,0.006764470234210824,0.005430201865224028,0.004194079101237256,0.001838222553862663,0.001477053317493005,0.001114938338292962,0.0007906096687200192,0.000526659579378242,0,0,0,0,0,0,0,0,0,0,0.001538933994697351,0.002310213548505171,0.003257923292340103,0.004316047122799934,0.005371407430390519,0.006279811508761494,0.006897023664006817,0.00711595869670434,0.006897023664006817,0.008428911404647148,0.008597588484076638,0.008865691638092161,0.009285223003833623,0.00981130923499164,0.01030860332825118,0.009631597514455409,0.009937337239224112,0.009631597514455409,0.009296328912932075,0.008291705355206489,0.007142238049786483,0.006026697832785232,0.005064403607548782,0.004298199791771308,0.002360324480688309,0.002435249222508907,0.002360324480688309,0.002149099895885654,0.001838222553862663,0.001477053317493005,0.001114938338292962,0.0007906096687200192,0.000526659579378242,0,0,0,0,0,0,0.000526659579378242,0.0007906096687200192,0.001114938338292962,0.001477053317493005,0.001838222553862663,0.002149099895885654,0.002360324480688309,0.002435249222508907,0.002360324480688309,0.002149099895885654,0.001838222553862663,0.001477053317493005,0.001114938338292962,0.0007906096687200192,0.000526659579378242,0,0,0,0,0,0,0,0.002435249222508907,0.003655742070297929,0.005155422644507358,0.00682982534424901,0.008499854973448386,0.009937337239224112,0.01091402982406744,0.01126047832023017,0.01091402982406744,0.009937337239224112,0.008499854973448386,0.00682982534424901,0.005155422644507358,0.003655742070297929,0.002435249222508907,0.001799462830561817,0.002701313653164783,0.003809462842193258,0.005046718312281573,0.006280742417865789,0.007342931816366148,0.008064632900208493,0.008320631828690483,0.008064632900208493,0.007342931816366148,0.006280742417865789,0.005046718312281573,0.003809462842193258
0,0,0,0,0,0,0,0,0,0,0,0,0,0,0,0,0,0,0,0,0,0,0,0,0,0,0,0,0,0,0,0,0,0,0,0,0,0,0,0,0,0,0,0,0,0,0,0,0,0,0,0,0,0,0,0,0,0,0,0,0,0,0,0,0,0,0,0,0,0,0,0,0,0,0,0,0,0,0,0,0,0,0,0,0,0,0,0.0007906096687200192,0.001186845683147944,0.001673720681814422,0.002217319649637031,0.002759498889318159,0.003226181053686119,0.003543266711206109,0.003655742070297929,0.003543266711206109,0.003226181053686119,0.002759498889318159,0.002217319649637031,0.001673720681814422,0.001186845683147944,0.0007906096687200192,0,0.0007906096687200192,0.001186845683147944,0.001673720681814422,0.002217319649637031,0.004597721443180821,0.005985679943004278,0.007434783888271158,0.008811164714805288,0.009959293856328173,0.01072727674017259,0.01099784081781338,0.01071717462308542,0.009912062610309642,0.008687941369634414,0.008466168627562946,0.007046203841659006,0.006557946047636307,0.006291943217285581,0.006234420549582413,0.005139676169809363,0.005644829963295865,0.005824016101083911,0.005644829963295865,0.005666335749187605,0.005186807664439769,0.004647382666260386,0.004143482188064261,0.00372900375101431,0.003408631709606516,0.002360324480688309,0.002435249222508907,0.002360324480688309,0.002149099895885654,0.001838222553862663,0.0031724006248029,0.003659956079316563,0.00437965994645932,0.00528137868563887,0.005917343534520988,0.007708685147250359,0.00878486518074577,0.009512927208510623,0.009815339147234856,0.009677574367848499,0.009143524588207108,0.008297985817466737,0.007244792348037231,0.00608828445222971,0.004921528360996014,0.002759498889318159,0.002217319649637031,0.001673720681814422,0.001186845683147944,0.0007906096687200192,0,0,0,0,0,0,0,0,0,0,0,0,0,0,0,0,0,0,0,0.002360324480688309,0.003543266711206109,0.004996806964828454,0.006619693709314979,0.00823834192849522,0.009631597514455409,0.01057824042755217,0.01091402982406744,0.01057824042755217,0.01042220718317543,0.009425187611643165,0.0082934143911294,0.007214126614465485,0.006302765600524268,0.005586505534374429,0.003543266711206109,0.003655742070297929,0.003543266711206109,0.003226181053686119,0.002759498889318159,0.002217319649637031,0.001673720681814422,0.001186845683147944,0.0007906096687200192,0,0,0,0,0,0,0.0007906096687200192,0.001186845683147944,0.001673720681814422,0.002217319649637031,0.002759498889318159,0.003226181053686119,0.003543266711206109,0.003655742070297929,0.003543266711206109,0.003226181053686119,0.002759498889318159,0.002217319649637031,0.001673720681814422,0.001186845683147944,0.0007906096687200192,0,0,0,0,0,0,0,0.002360324480688309,0.003543266711206109,0.004996806964828454,0.006619693709314979,0.00823834192849522,0.009631597514455409,0.01057824042755217,0.01091402982406744,0.01057824042755217,0.009631597514455409,0.00823834192849522,0.006619693709314979,0.004996806964828454,0.003543266711206109,0.002360324480688309,0.00140142306154943,0.00210378518840621,0.002966812644581529,0.003930388173545688,0.004891447113303666,0.00571868104862589,0.006280742417865789,0.006480114583833003,0.006280742417865789,0.00571868104862589,0.004891447113303666,0.003930388173545688,0.002966812644581529
0,0,0,0,0,0,0,0,0,0,0,0,0,0,0,0,0,0,0,0,0,0,0,0,0,0,0,0,0,0,0,0,0,0,0,0,0,0,0,0,0,0,0,0,0,0,0,0,0,0,0,0,0,0,0,0,0,0,0,0,0,0,0,0,0,0,0,0,0,0,0,0,0,0,0,0,0,0,0,0,0,0,0,0,0,0,0,0.001114938338292962,0.001673720681814422,0.002360324480688309,0.003126921897670497,0.00389151717706505,0.004549644515292227,0.004996806964828454,0.005155422644507358,0.004996806964828454,0.004549644515292227,0.00389151717706505,0.003126921897670497,0.002360324480688309,0.001673720681814422,0.001114938338292962,0,0.001114938338292962,0.001673720681814422,0.002360324480688309,0.003126921897670497,0.005368570494558055,0.006766964164929258,0.008123728862498951,0.009297921116276774,0.01015222960933581,0.01057694422678575,0.01051121088638003,0.009956747241919507,0.008980018190003288,0.007701020393307942,0.00627036098280032,0.004142498471769416,0.003126921897670497,0.002217319649637031,0.001477053317493005,0,0,0,0,0.0007906096687200192,0.001186845683147944,0.001673720681814422,0.002217319649637031,0.002759498889318159,0.003226181053686119,0.003543266711206109,0.003655742070297929,0.003543266711206109,0.003226181053686119,0.002759498889318159,0.003537657460147975,0.00365578249145422,0.003982000849933955,0.004493588631960367,0.004608431778387461,0.006502740938319476,0.00759106421633541,0.008465504662337779,0.009044265432191485,0.009279319777091562,0.009158076293679688,0.0086997859280688,0.00795057781129337,0.006978868774468251,0.00586998232580317,0.00389151717706505,0.003126921897670497,0.002360324480688309,0.001673720681814422,0.001114938338292962,0,0,0,0,0,0,0,0,0,0,0,0,0,0,0,0,0,0,0,0.002435249222508907,0.003655742070297929,0.005155422644507358,0.00682982534424901,0.008499854973448386,0.009937337239224112,0.01091402982406744,0.01126047832023017,0.01091402982406744,0.01105227557751707,0.01017357565526281,0.00919014982493732,0.008282344542177855,0.00754725924736298,0.006984893737801133,0.004996806964828454,0.005155422644507358,0.004996806964828454,0.004549644515292227,0.00389151717706505,0.003126921897670497,0.002360324480688309,0.001673720681814422,0.001114938338292962,0,0,0,0,0,0,0.001114938338292962,0.001673720681814422,0.002360324480688309,0.003126921897670497,0.00389151717706505,0.004549644515292227,0.004996806964828454,0.005155422644507358,0.004996806964828454,0.004549644515292227,0.00389151717706505,0.003126921897670497,0.002360324480688309,0.001673720681814422,0.001114938338292962,0,0,0,0,0,0,0,0.002149099895885654,0.003226181053686119,0.004549644515292227,0.00602729971149352,0.007501095686486469,0.008769669333553833,0.009631597514455409,0.009937337239224112,0.009631597514455409,0.008769669333553833,0.007501095686486469,0.00602729971149352,0.004549644515292227,0.003226181053686119,0.002149099895885654,0.001025303014595815,0.001539162123784439,0.002170566498932365,0.002875533415593072,0.003578659156258897,0.004183876432135671,0.004595089314298732,0.004740953106897289,0.004595089314298732,0.004183876432135671,0.003578659156258897,0.002875533415593072,0.002170566498932365
0,0,0,0,0,0,0,0,0,0,0,0,0,0,0,0,0,0,0,0,0,0,0,0,0,0,0,0,0,0,0,0,0,0,0,0,0,0,0,0,0,0,0,0,0,0,0,0,0,0,0,0,0,0,0,0,0,0,0,0,0,0,0,0,0,0,0,0,0,0,0,0,0,0,0,0,0,0,0,0,0,0,0,0,0,0,0,0.001477053317493005,0.002217319649637031,0.003126921897670497,0.004142498471769416,0.005155422644507358,0.00602729971149352,0.006619693709314979,0.00682982534424901,0.006619693709314979,0.00602729971149352,0.005155422644507358,0.004142498471769416,0.003126921897670497,0.002217319649637031,0.001477053317493005,0,0.001477053317493005,0.002217319649637031,0.003126921897670497,0.004142498471769416,0.00627036098280032,0.007701020393307942,0.008980018190003288,0.009956747241919507,0.01051121088638003,0.01057694422678575,0.01015222960933581,0.009297921116276774,0.008123728862498951,0.006766964164929258,0.005368570494558055,0.003126921897670497,0.002360324480688309,0.001673720681814422,0.001114938338292962,0,0,0,0,0.001114938338292962,0.001673720681814422,0.002360324480688309,0.003126921897670497,0.00389151717706505,0.004549644515292227,0.004996806964828454,0.005155422644507358,0.004996806964828454,0.004549644515292227,0.00389151717706505,0.004092901675329493,0.003810431878159049,0.003718699887166024,0.003824095621460233,0.003371600714002633,0.005418853905351754,0.006546540661338949,0.007593567136100546,0.008471719483471333,0.009097223232366107,0.009398900425496154,0.009328850992482249,0.008874804549600612,0.008069801106785719,0.006993279489152517,0.005155422644507358,0.004142498471769416,0.003126921897670497,0.002217319649637031,0.001477053317493005,0,0,0,0,0,0,0,0,0,0,0,0,0,0,0,0,0,0,0,0.002360324480688309,0.003543266711206109,0.004996806964828454,0.006619693709314979,0.00823834192849522,0.009631597514455409,0.01057824042755217,0.01091402982406744,0.01057824042755217,0.01110865083194841,0.01045566157813225,0.009746615606985476,0.009139305436597869,0.008698689355713466,0.008387624192181829,0.006619693709314979,0.00682982534424901,0.006619693709314979,0.00602729971149352,0.005155422644507358,0.004142498471769416,0.003126921897670497,0.002217319649637031,0.001477053317493005,0,0,0,0,0,0,0.001477053317493005,0.002217319649637031,0.003126921897670497,0.004142498471769416,0.005155422644507358,0.00602729971149352,0.006619693709314979,0.00682982534424901,0.006619693709314979,0.00602729971149352,0.005155422644507358,0.004142498471769416,0.003126921897670497,0.002217319649637031,0.001477053317493005,0,0,0,0,0,0,0,0.001838222553862663,0.002759498889318159,0.00389151717706505,0.005155422644507358,0.006416027145122064,0.007501095686486469,0.00823834192849522,0.008499854973448386,0.00823834192849522,0.007501095686486469,0.006416027145122064,0.005155422644507358,0.00389151717706505,0.002759498889318159,0.001838222553862663,0,0,0,0,0,0,0,0,0,0,0,0,0
0,0,0,0,0,0,0,0,0,0,0,0,0,0,0,0,0,0,0,0,0,0,0,0,0,0,0,0,0,0,0,0,0,0,0,0,0,0,0,0,0,0,0,0,0,0,0,0,0,0,0,0,0,0,0,0,0,0,0,0,0,0,0,0,0,0,0,0,0,0,0,0,0,0,0,0,0,0,0,0,0,0,0,0,0,0,0,0.001838222553862663,0.002759498889318159,0.00389151717706505,0.005155422644507358,0.006416027145122064,0.007501095686486469,0.00823834192849522,0.008499854973448386,0.00823834192849522,0.007501095686486469,0.006416027145122064,0.005155422644507358,0.00389151717706505,0.002759498889318159,0.001838222553862663,0,0.001838222553862663,0.002759498889318159,0.00389151717706505,0.005155422644507358,0.007206636813842083,0.008687941369634414,0.009912062610309642,0.01071717462308542,0.01099784081781338,0.01072727674017259,0.009959293856328173,0.008811164714805288,0.007434783888271158,0.005985679943004278,0.004597721443180821,0.002217319649637031,0.001673720681814422,0.001186845683147944,0.0007906096687200192,0,0,0,0,0.001477053317493005,0.002217319649637031,0.003126921897670497,0.004142498471769416,0.005155422644507358,0.00602729971149352,0.006619693709314979,0.00682982534424901,0.006619693709314979,0.00602729971149352,0.005155422644507358,0.004806406016483331,0.004123565165047615,0.00362281193282567,0.003339028072772348,0.002317265023097996,0.004547379837029933,0.005734926076177493,0.006961394561600769,0.008130849831366692,0.009125184428289334,0.009818360709584466,0.01010031668377456,0.009905347256637024,0.009234985195872339,0.008165003231200384,0.006416027145122064,0.005155422644507358,0.00389151717706505,0.002759498889318159,0.001838222553862663,0,0,0,0,0,0,0,0,0,0,0,0,0,0,0,0,0,0,0,0.002149099895885654,0.003226181053686119,0.004549644515292227,0.00602729971149352,0.007501095686486469,0.008769669333553833,0.009631597514455409,0.009937337239224112,0.009631597514455409,0.0106078918874165,0.01026059457580463,0.009918816888558571,0.009705067159799585,0.009642208198808183,0.009650195582372123,0.00823834192849522,0.008499854973448386,0.00823834192849522,0.007501095686486469,0.006416027145122064,0.005155422644507358,0.00389151717706505,0.002759498889318159,0.001838222553862663,0,0,0,0,0,0,0.001838222553862663,0.002759498889318159,0.00389151717706505,0.005155422644507358,0.006416027145122064,0.007501095686486469,0.00823834192849522,0.008499854973448386,0.00823834192849522,0.007501095686486469,0.006416027145122064,0.005155422644507358,0.00389151717706505,0.002759498889318159,0.001838222553862663,0,0,0,0,0,0,0,0.001477053317493005,0.002217319649637031,0.003126921897670497,0.004142498471769416,0.005155422644507358,0.00602729971149352,0.006619693709314979,0.00682982534424901,0.006619693709314979,0.00602729971149352,0.005155422644507358,0.004142498471769416,0.003126921897670497,0.002217319649637031,0.001477053317493005,0,0,0,0,0,0,0,0,0,0,0,0,0
0,0,0,0,0,0,0,0,0,0,0,0,0,0,0,0,0,0,0,0,0,0,0,0,0,0,0,0,0,0,0,0,0,0,0,0,0,0,0,0,0,0,0,0,0,0,0,0,0,0,0,0,0,0,0,0,0,0,0,0,0,0,0,0,0,0,0,0,0,0,0,0,0,0,0,0,0,0,0,0,0,0,0,0,0,0,0,0.002149099895885654,0.003226181053686119,0.004549644515292227,0.00602729971149352,0.007501095686486469,0.008769669333553833,0.009631597514455409,0.009937337239224112,0.009631597514455409,0.008769669333553833,0.007501095686486469,0.00602729971149352,0.004549644515292227,0.003226181053686119,0.002149099895885654,0,0.002149099895885654,0.003226181053686119,0.004549644515292227,0.00602729971149352,0.008027755265864711,0.009560279002273853,0.01074653585274837,0.01141439055671712,0.01146982006831807,0.01091876922943949,0.009861420167174778,0.008462548934002428,0.006909968995980537,0.005375280949571773,0.003987322449748316,0.001477053317493005,0.001114938338292962,0.0007906096687200192,0.000526659579378242,0,0,0,0,0.001838222553862663,0.002759498889318159,0.00389151717706505,0.005155422644507358,0.006416027145122064,0.007501095686486469,0.00823834192849522,0.008499854973448386,0.00823834192849522,0.007501095686486469,0.006416027145122064,0.005155422644507358,0.00389151717706505,0.002759498889318159,0.001838222553862663,0,0.002149099895885654,0.003226181053686119,0.004549644515292227,0.00602729971149352,0.007501095686486469,0.008769669333553833,0.009631597514455409,0.009937337239224112,0.009631597514455409,0.008769669333553833,0.007501095686486469,0.00602729971149352,0.004549644515292227,0.003226181053686119,0.002149099895885654,0,0,0,0,0,0,0,0,0,0,0,0,0,0,0,0,0,0,0,0.001838222553862663,0.002759498889318159,0.00389151717706505,0.005155422644507358,0.006416027145122064,0.007501095686486469,0.00823834192849522,0.008499854973448386,0.00823834192849522,0.009650195582372123,0.009642208198808183,0.009705067159799585,0.009918816888558571,0.01026059457580463,0.0106078918874165,0.009631597514455409,0.009937337239224112,0.009631597514455409,0.008769669333553833,0.007501095686486469,0.00602729971149352,0.004549644515292227,0.003226181053686119,0.002149099895885654,0,0,0,0,0,0,0.002149099895885654,0.003226181053686119,0.004549644515292227,0.00602729971149352,0.007501095686486469,0.008769669333553833,0.009631597514455409,0.009937337239224112,0.009631597514455409,0.008769669333553833,0.007501095686486469,0.00602729971149352,0.004549644515292227,0.003226181053686119,0.002149099895885654,0,0,0,0,0,0,0,0.001114938338292962,0.001673720681814422,0.002360324480688309,0.003126921897670497,0.00389151717706505,0.004549644515292227,0.004996806964828454,0.005155422644507358,0.004996806964828454,0.004549644515292227,0.00389151717706505,0.003126921897670497,0.002360324480688309,0.001673720681814422,0.001114938338292962,0,0,0,0,0,0,0,0,0,0,0,0,0
0,0,0,0,0,0,0,0,0,0,0,0,0,0,0,0,0,0,0,0,0,0,0,0,0,0,0,0,0,0,0,0,0,0,0,0,0,0,0,0,0,0,0,0,0,0,0,0,0,0,0,0,0,0,0,0,0,0,0,0,0,0,0,0,0,0,0,0,0,0,0,0,0,0,0,0,0,0,0,0,0,0,0,0,0,0,0,0.002360324480688309,0.003543266711206109,0.004996806964828454,0.006619693709314979,0.00823834192849522,0.009631597514455409,0.01057824042755217,0.01091402982406744,0.01057824042755217,0.009631597514455409,0.00823834192849522,0.006619693709314979,0.004996806964828454,0.003543266711206109,0.002360324480688309,0,0.002360324480688309,0.003543266711206109,0.004996806964828454,0.006619693709314979,0.00823834192849522,0.009631597514455409,0.01057824042755217,0.01091402982406744,0.01057824042755217,0.009631597514455409,0.00823834192849522,0.006619693709314979,0.004996806964828454,0.003543266711206109,0.002360324480688309,0,0,0,0,0,0,0,0,0.002149099895885654,0.003226181053686119,0.004549644515292227,0.00602729971149352,0.007501095686486469,0.008769669333553833,0.009631597514455409,0.009937337239224112,0.009631597514455409,0.008769669333553833,0.007501095686486469,0.00602729971149352,0.004549644515292227,0.003226181053686119,0.002149099895885654,0,0.002360324480688309,0.003543266711206109,0.004996806964828454,0.006619693709314979,0.00823834192849522,0.009631597514455409,0.01057824042755217,0.01091402982406744,0.01057824042755217,0.009631597514455409,0.00823834192849522,0.006619693709314979,0.004996806964828454,0.003543266711206109,0.002360324480688309,0,0,0,0,0,0,0,0,0,0,0,0,0,0,0,0,0,0,0,0.001477053317493005,0.002217319649637031,0.003126921897670497,0.004142498471769416,0.005155422644507358,0.00602729971149352,0.006619693709314979,0.00682982534424901,0.006619693709314979,0.008387624192181829,0.008698689355713466,0.009139305436597869,0.009746615606985476,0.01045566157813225,0.01110865083194841,0.01057824042755217,0.01091402982406744,0.01057824042755217,0.009631597514455409,0.00823834192849522,0.006619693709314979,0.004996806964828454,0.003543266711206109,0.002360324480688309,0,0,0,0,0,0,0.002360324480688309,0.003543266711206109,0.004996806964828454,0.006619693709314979,0.00823834192849522,0.009631597514455409,0.01057824042755217,0.01091402982406744,0.01057824042755217,0.009631597514455409,0.00823834192849522,0.006619693709314979,0.004996806964828454,0.003543266711206109,0.002360324480688309,0,0,0,0,0,0,0,0.0007906096687200192,0.001186845683147944,0.001673720681814422,0.002217319649637031,0.002759498889318159,0.003226181053686119,0.003543266711206109,0.003655742070297929,0.003543266711206109,0.003226181053686119,0.002759498889318159,0.002217319649637031,0.001673720681814422,0.001186845683147944,0.0007906096687200192,0,0,0,0,0,0,0,0,0,0,0,0,0
