0,0,0,0,0,0,0,0,0,0,0,0,0,0,0,0,0,0,0,0,0,0,0,0,0,0,0,0,0,0,0,0,0,0,0,0,0,0,0,0,0,0,0,0,0,0,0,0,0,0,0,0.002360324480688309,0.003543266711206109,0.004996806964828454,0.006619693709314979,0.00823834192849522,0.009631597514455409,0.01057824042755217,0.01091402982406744,0.01057824042755217,0.009631597514455409,0.00823834192849522,0.006619693709314979,0.004996806964828454,0.003543266711206109,0.002360324480688309,0,0,0,0,0,0,0,0,0,0,0,0,0,0,0,0,0,0,0,0,0,0.001838222553862663,0.002759498889318159,0.00389151717706505,0.005155422644507358,0.006416027145122064,0.007501095686486469,0.00823834192849522,0.008499854973448386,0.00823834192849522,0.007501095686486469,0.006416027145122064,0.005155422644507358,0.00389151717706505,0.002759498889318159,0.001838222553862663,0,0,0,0,0,0,0,0,0,0,0,0,0,0,0,0,0,0,0,0,0,0,0,0,0,0,0,0,0,0,0,0,0,0,0,0,0,0,0,0,0,0,0,0,0,0,0,0,0,0,0,0,0,0,0,0,0,0,0,0,0,0,0,0,0,0,0,0,0,0,0,0,0,0,0,0,0,0,0,0,0,0,0,0,0,0,0,0,0,0,0,0,0,0,0,0,0,0,0,0,0,0,0,0,0,0,0,0,0,0,0,0,0,0,0,0,0,0,0,0,0,0,0,0,0,0,0,0,0,0,0,0,0,0,0,0,0,0,0,0,0,0,0,0,0,0,0,0,0,0,0,0,0,0
0,0,0,0,0,0,0,0,0,0,0,0,0,0,0,0,0,0,0,0,0,0,0,0,0,0,0,0,0,0,0,0,0,0,0,0,0,0,0,0,0,0,0,0,0,0,0,0,0,0,0,0.002149099895885654,0.003226181053686119,0.004549644515292227,0.00602729971149352,0.007501095686486469,0.008769669333553833,0.009631597514455409,0.009937337239224112,0.009631597514455409,0.008769669333553833,0.007501095686486469,0.00602729971149352,0.004549644515292227,0.003226181053686119,0.002149099895885654,0,0,0,0,0,0,0,0,0,0,0,0,0,0,0,0,0,0,0,0,0,0.002149099895885654,0.003226181053686119,0.004549644515292227,0.00602729971149352,0.007501095686486469,0.008769669333553833,0.009631597514455409,0.009937337239224112,0.009631597514455409,0.008769669333553833,0.007501095686486469,0.00602729971149352,0.004549644515292227,0.003226181053686119,0.002149099895885654,0,0,0,0,0,0,0,0,0,0,0,0,0,0,0,0,0,0,0,0,0,0,0,0,0,0,0,0,0,0,0,0,0,0,0,0,0,0,0,0,0,0,0,0,0,0,0,0,0,0,0,0,0,0,0,0,0,0,0,0,0,0,0,0,0,0,0,0,0,0,0,0,0,0,0,0,0,0,0,0,0,0,0,0,0,0,0,0,0,0,0,0,0,0,0,0,0,0,0,0,0,0,0,0,0,0,0,0,0,0,0,0,0,0,0,0,0,0,0,0,0,0,0,0,0,0,0,0,0,0,0,0,0,0,0,0,0,0,0,0,0,0,0,0,0,0,0,0,0,0,0,0,0,0
0,0,0,0,0,0,0,0,0,0,0,0,0,0,0,0,0,0,0,0,0,0,0,0,0,0,0,0,0,0,0,0,0,0,0,0,0,0,0,0,0,0,0,0,0,0,0,0,0,0,0,0.001838222553862663,0.002759498889318159,0.00389151717706505,0.005155422644507358,0.006416027145122064,0.007501095686486469,0.00823834192849522,0.008499854973448386,0.00823834192849522,0.007501095686486469,0.006416027145122064,0.005155422644507358,0.00389151717706505,0.002759498889318159,0.001838222553862663,0,0,0,0,0,0,0,0,0,0,0,0,0,0,0,0,0,0,0,0,0,0.002360324480688309,0.003543266711206109,0.004996806964828454,0.006619693709314979,0.00823834192849522,0.009631597514455409,0.01057824042755217,0.01091402982406744,0.01057824042755217,0.009631597514455409,0.00823834192849522,0.006619693709314979,0.004996806964828454,0.003543266711206109,0.002360324480688309,0,0,0,0,0,0,0,0,0,0,0,0,0,0,0,0,0,0,0,0,0,0,0,0,0,0,0,0,0,0,0,0,0,0,0,0,0,0,0,0,0,0,0,0,0,0,0,0,0,0,0,0,0,0,0,0,0,0,0,0,0,0,0,0,0,0,0,0,0,0,0,0,0,0,0,0,0,0,0,0,0,0,0,0,0,0,0,0,0,0,0,0,0,0,0,0,0,0,0,0,0,0,0,0,0,0,0,0,0,0,0,0,0,0,0,0,0,0,0,0,0,0,0,0,0,0,0,0,0,0,0,0,0,0,0,0,0,0,0,0,0,0,0,0,0,0,0,0,0,0,0,0,0,0
0,0,0,0,0,0,0,0,0,0,0,0,0,0,0,0,0,0,0,0,0,0,0,0,0,0,0,0,0,0,0,0,0,0,0,0,0,0,0,0,0,0,0,0,0,0,0,0,0,0,0,0.001477053317493005,0.002217319649637031,0.003126921897670497,0.004142498471769416,0.005155422644507358,0.00602729971149352,0.006619693709314979,0.00682982534424901,0.006619693709314979,0.00602729971149352,0.005155422644507358,0.004142498471769416,0.003126921897670497,0.002217319649637031,0.001477053317493005,0,0,0,0,0,0,0,0,0,0,0,0,0,0,0,0,0,0,0,0,0,0.002435249222508907,0.003655742070297929,0.005155422644507358,0.00682982534424901,0.008499854973448386,0.009937337239224112,0.01091402982406744,0.01126047832023017,0.01091402982406744,0.009937337239224112,0.008499854973448386,0.00682982534424901,0.005155422644507358,0.003655742070297929,0.002435249222508907,0,0,0,0,0,0,0,0,0,0,0,0,0,0,0,0,0,0,0,0,0,0,0,0,0,0,0,0,0,0,0,0,0,0,0,0,0,0,0,0,0,0,0,0,0,0,0,0,0,0,0,0,0,0,0,0,0,0,0,0,0,0,0,0,0,0,0,0,0,0,0,0,0,0,0,0,0,0,0,0,0,0,0,0,0,0,0,0,0,0,0,0,0,0,0,0,0,0,0,0,0,0,0,0,0,0,0,0,0,0,0,0,0,0,0,0,0,0,0,0,0,0,0,0,0,0,0,0,0,0,0,0,0,0,0,0,0,0,0,0,0,0,0,0,0,0,0,0,0,0,0,0,0,0
0,0,0,0,0,0,0,0,0,0,0,0,0,0,0,0,0,0,0,0,0,0,0,0,0,0,0,0,0,0,0,0,0,0,0,0,0,0,0,0,0,0,0,0,0,0,0,0,0,0,0,0.001114938338292962,0.001673720681814422,0.002360324480688309,0.003126921897670497,0.00389151717706505,0.004549644515292227,0.004996806964828454,0.005155422644507358,0.004996806964828454,0.004549644515292227,0.00389151717706505,0.003126921897670497,0.002360324480688309,0.001673720681814422,0.001114938338292962,0,0,0,0,0,0,0,0,0,0,0,0,0,0,0,0,0,0,0,0,0,0.002360324480688309,0.003543266711206109,0.004996806964828454,0.006619693709314979,0.00823834192849522,0.009631597514455409,0.01057824042755217,0.01091402982406744,0.01057824042755217,0.009631597514455409,0.00823834192849522,0.006619693709314979,0.004996806964828454,0.003543266711206109,0.002360324480688309,0,0,0,0,0,0,0,0,0,0,0,0,0,0,0,0,0,0,0,0,0,0,0,0,0,0,0,0,0,0,0,0,0,0,0,0,0,0,0,0,0,0,0,0,0,0,0,0,0,0,0,0,0,0,0,0,0,0,0,0,0,0,0,0,0,0,0,0,0,0,0,0,0,0,0,0,0,0,0,0,0,0,0,0,0,0,0,0,0,0,0,0,0,0,0,0,0,0,0,0,0,0,0,0,0,0,0,0,0,0,0,0,0,0,0,0,0,0,0,0,0,0,0,0,0,0,0,0,0,0,0,0,0,0,0,0,0,0,0,0,0,0,0,0,0,0,0,0,0,0,0,0,0,0
0,0,0,0,0,0,0,0,0,0,0,0,0,0,0,0,0,0,0,0,0,0,0,0,0,0,0,0,0,0,0,0,0,0,0,0,0,0,0,0,0,0,0,0,0,0,0,0,0,0,0,0.0007906096687200192,0.001186845683147944,0.001673720681814422,0.002217319649637031,0.002759498889318159,0.003226181053686119,0.003543266711206109,0.003655742070297929,0.003543266711206109,0.003226181053686119,0.002759498889318159,0.002217319649637031,0.001673720681814422,0.001186845683147944,0.0007906096687200192,0,0,0,0,0,0,0,0,0,0,0,0,0,0,0,0,0,0,0,0,0,0.002149099895885654,0.003226181053686119,0.004549644515292227,0.00602729971149352,0.007501095686486469,0.008769669333553833,0.009631597514455409,0.009937337239224112,0.009631597514455409,0.008769669333553833,0.007501095686486469,0.00602729971149352,0.004549644515292227,0.003226181053686119,0.002149099895885654,0,0,0,0,0,0,0,0,0,0,0,0,0,0,0,0,0,0,0,0,0,0,0,0,0,0,0,0,0,0,0,0,0,0,0,0,0,0,0,0,0,0,0,0,0,0,0,0,0,0,0,0,0,0,0,0,0,0,0,0,0,0,0,0,0,0,0,0,0,0,0,0,0,0,0,0,0,0,0,0,0,0,0,0,0,0,0,0,0,0,0,0,0,0,0,0,0,0,0,0,0,0,0,0,0,0,0,0,0,0,0,0,0,0,0,0,0,0,0,0,0,0,0,0,0,0,0,0,0,0,0,0,0,0,0,0,0,0,0,0,0,0,0,0,0,0,0,0,0,0,0,0,0,0
0,0,0,0,0,0,0,0,0,0,0,0,0,0,0,0,0,0,0,0,0,0,0,0,0,0,0,0,0,0,0,0,0,0,0,0,0,0,0,0,0,0,0,0,0,0,0,0,0,0,0,0.000526659579378242,0.0007906096687200192,0.001114938338292962,0.001477053317493005,0.001838222553862663,0.002149099895885654,0.002360324480688309,0.002435249222508907,0.002360324480688309,0.002149099895885654,0.001838222553862663,0.001477053317493005,0.001114938338292962,0.0007906096687200192,0.000526659579378242,0,0,0,0,0,0,0,0,0,0,0,0,0,0,0,0,0,0,0,0,0,0.001838222553862663,0.002759498889318159,0.00389151717706505,0.005155422644507358,0.006416027145122064,0.007501095686486469,0.00823834192849522,0.008499854973448386,0.00823834192849522,0.007501095686486469,0.006416027145122064,0.005155422644507358,0.00389151717706505,0.002759498889318159,0.001838222553862663,0,0,0,0,0,0,0,0,0,0,0,0,0,0,0,0,0,0,0,0,0,0,0,0,0,0,0,0,0,0,0,0,0,0,0,0,0,0,0,0,0,0,0,0,0,0,0,0,0,0,0,0,0,0,0,0,0,0,0,0,0,0,0,0,0,0,0,0,0,0,0,0,0,0,0,0,0,0,0,0,0,0,0,0,0,0,0,0,0,0,0,0,0,0,0,0,0,0,0,0,0,0,0,0,0,0,0,0,0,0,0,0,0,0,0,0,0,0,0,0,0,0,0,0,0,0,0,0,0,0,0,0,0,0,0,0,0,0,0,0,0,0,0,0,0,0,0,0,0,0,0,0,0,0
0,0,0,0,0,0,0,0,0,0,0,0,0,0,0,0,0,0,0,0,0,0,0,0,0,0,0,0,0,0,0,0,0,0,0,0,0,0,0,0,0,0,0,0,0,0,0,0,0,0.000526659579378242,0.0007906096687200192,0.001114938338292962,0.001477053317493005,0.001838222553862663,0.002149099895885654,0.002360324480688309,0.002435249222508907,0.002360324480688309,0.002149099895885654,0.001838222553862663,0.001477053317493005,0.001114938338292962,0.0007906096687200192,0.000526659579378242,0,0,0,0,0,0,0,0,0,0,0,0,0,0,0,0,0,0,0,0,0,0,0,0.001477053317493005,0.002217319649637031,0.003126921897670497,0.004142498471769416,0.005155422644507358,0.00602729971149352,0.006619693709314979,0.00682982534424901,0.006619693709314979,0.00602729971149352,0.005155422644507358,0.004142498471769416,0.003126921897670497,0.002217319649637031,0.001477053317493005,0,0,0,0,0,0,0,0,0,0,0,0,0,0,0,0,0,0,0,0,0,0,0,0,0,0,0,0,0,0,0,0,0,0,0,0,0,0,0,0,0,0,0,0,0,0,0,0,0,0,0,0,0,0,0,0,0,0,0,0,0,0,0,0,0,0,0,0,0,0,0,0,0,0,0,0,0,0,0,0,0,0,0,0,0,0,0,0,0,0,0,0,0,0,0,0,0,0,0,0,0,0,0,0,0,0,0,0,0,0,0,0,0,0,0,0,0,0,0,0,0,0,0,0,0,0,0,0,0,0,0,0,0,0,0,0,0,0,0,0,0,0,0,0,0,0,0,0,0,0,0,0,0,0
0,0,0,0,0,0,0,0,0,0,0,0,0,0,0,0,0,0,0,0,0,0,0,0,0,0,0,0,0,0,0,0,0,0,0,0,0,0,0,0,0,0,0,0,0,0,0,0,0,0.0007906096687200192,0.001186845683147944,0.001673720681814422,0.002217319649637031,0.002759498889318159,0.003226181053686119,0.003543266711206109,0.003655742070297929,0.003543266711206109,0.003226181053686119,0.002759498889318159,0.002217319649637031,0.001673720681814422,0.001186845683147944,0.0007906096687200192,0,0,0,0,0,0,0,0,0,0,0,0,0,0,0,0,0,0,0,0,0,0,0,0.001114938338292962,0.001673720681814422,0.002360324480688309,0.003126921897670497,0.00389151717706505,0.004549644515292227,0.004996806964828454,0.005155422644507358,0.004996806964828454,0.004549644515292227,0.00389151717706505,0.003126921897670497,0.002360324480688309,0.001673720681814422,0.001114938338292962,0,0,0,0,0,0,0,0,0,0,0,0,0,0,0,0,0,0,0,0,0,0,0,0,0,0,0,0,0,0,0,0,0,0,0,0,0,0,0,0,0,0,0,0,0,0,0,0,0,0,0,0,0,0,0,0,0,0,0,0,0,0,0,0,0,0,0,0,0,0,0,0,0,0,0,0,0,0,0,0,0,0,0,0,0,0,0,0,0,0,0,0,0,0,0,0,0,0,0,0,0,0,0,0,0,0,0,0,0,0,0,0,0,0,0,0,0,0,0,0,0,0,0,0,0,0,0,0,0,0,0,0,0,0,0,0,0,0,0,0,0,0,0,0,0,0,0,0,0,0,0,0,0,0
0,0,0,0,0,0,0,0,0,0,0,0,0,0,0,0,0,0,0,0,0,0,0,0,0,0,0,0,0,0,0,0,0,0,0,0,0,0,0,0,0,0,0,0,0,0,0,0,0,0.001114938338292962,0.001673720681814422,0.002360324480688309,0.003126921897670497,0.00389151717706505,0.004549644515292227,0.004996806964828454,0.005155422644507358,0.004996806964828454,0.004549644515292227,0.00389151717706505,0.003126921897670497,0.002360324480688309,0.001673720681814422,0.001114938338292962,0,0,0,0,0,0,0,0,0,0,0,0.000526659579378242,0.0007906096687200192,0.001114938338292962,0.001477053317493005,0.001838222553862663,0.002149099895885654,0.002360324480688309,0.002435249222508907,0.002360324480688309,0.002149099895885654,0.001838222553862663,0.001477053317493005,0.001905548007012982,0.001977455351867964,0.002200380261192664,0.002217319649637031,0.002759498889318159,0.003226181053686119,0.003543266711206109,0.003655742070297929,0.003543266711206109,0.003226181053686119,0.002759498889318159,0.002217319649637031,0.001673720681814422,0.001186845683147944,0.0007906096687200192,0,0,0,0,0,0,0,0,0,0,0,0,0,0,0,0,0,0,0,0,0,0,0,0,0,0,0,0,0,0,0,0,0,0,0,0,0,0,0,0,0,0,0,0,0,0,0,0,0,0,0,0,0,0,0,0,0,0,0,0,0,0,0,0,0,0,0,0,0,0,0,0,0,0,0,0,0,0,0,0,0,0,0,0,0,0,0,0,0,0,0,0,0,0,0,0,0,0,0,0,0,0,0,0,0,0,0,0,0,0,0,0,0,0,0,0,0,0,0,0,0,0,0,0,0,0,0,0,0,0,0,0,0,0,0,0,0,0,0,0,0,0,0,0,0,0,0,0,0,0,0,0,0,0
0,0,0,0,0,0,0,0,0,0,0,0,0,0,0,0,0,0,0,0,0,0,0,0,0,0,0,0,0,0,0,0,0,0,0,0,0,0,0,0,0,0,0,0,0,0,0,0,0,0.001477053317493005,0.002217319649637031,0.003126921897670497,0.004142498471769416,0.005155422644507358,0.00602729971149352,0.006619693709314979,0.00682982534424901,0.006619693709314979,0.00602729971149352,0.005155422644507358,0.004142498471769416,0.003126921897670497,0.002217319649637031,0.001477053317493005,0,0,0,0,0,0,0,0,0,0,0,0.0007906096687200192,0.001186845683147944,0.001673720681814422,0.002217319649637031,0.002759498889318159,0.003226181053686119,0.003543266711206109,0.003655742070297929,0.003543266711206109,0.003226181053686119,0.002759498889318159,0.002217319649637031,0.002200380261192664,0.001977455351867964,0.001905548007012982,0.001477053317493005,0.001838222553862663,0.002149099895885654,0.002360324480688309,0.002435249222508907,0.002360324480688309,0.002149099895885654,0.001838222553862663,0.001477053317493005,0.001114938338292962,0.0007906096687200192,0.000526659579378242,0,0,0,0,0,0,0,0,0,0,0,0,0,0,0,0,0,0,0,0,0,0,0,0,0,0,0,0,0,0,0,0,0,0,0,0,0,0,0,0,0,0,0,0,0,0,0,0,0,0,0,0,0,0,0,0,0,0,0,0,0,0,0,0,0,0,0,0,0,0,0,0,0,0,0,0,0,0,0,0,0,0,0,0,0,0,0,0,0,0,0,0,0,0,0,0,0,0,0,0,0,0,0,0,0,0,0,0,0,0,0,0,0,0,0,0,0,0,0,0,0,0,0,0,0,0,0,0,0,0,0,0,0,0,0,0,0,0,0,0,0,0,0,0,0,0,0,0,0,0,0,0,0,0
0,0,0,0,0,0,0,0,0,0,0,0,0,0,0,0,0,0,0,0,0,0,0,0,0,0,0,0,0,0,0,0,0,0,0,0,0,0,0,0,0,0,0,0,0,0,0,0,0,0.001838222553862663,0.002759498889318159,0.00389151717706505,0.005155422644507358,0.006416027145122064,0.007501095686486469,0.00823834192849522,0.008499854973448386,0.00823834192849522,0.007501095686486469,0.006416027145122064,0.005155422644507358,0.00389151717706505,0.002759498889318159,0.001838222553862663,0,0,0,0.000526659579378242,0.0007906096687200192,0.001114938338292962,0.001477053317493005,0.001838222553862663,0.002149099895885654,0.002360324480688309,0.002435249222508907,0.003475262818981272,0.003822820577700076,0.004198547034550972,0.004603975215163501,0.005006455515358012,0.005340254184012246,0.005523466544206696,0.005155422644507358,0.004996806964828454,0.005076304094670469,0.004682126845785069,0.004241860235963459,0.003837377798181314,0.003511943235677085,0.003264038234178617,0.002360324480688309,0.002435249222508907,0.002360324480688309,0.002149099895885654,0.001838222553862663,0.001477053317493005,0.001641597917671204,0.001581219337440038,0.001641597917671204,0.001477053317493005,0.001838222553862663,0.002149099895885654,0.002360324480688309,0.002435249222508907,0.002360324480688309,0.002149099895885654,0.001838222553862663,0.001477053317493005,0.001114938338292962,0.0007906096687200192,0.000526659579378242,0,0,0,0,0,0,0,0,0,0,0,0,0,0,0,0,0,0,0,0,0,0,0,0,0,0,0,0,0,0,0,0,0,0,0,0,0,0,0,0,0,0,0,0,0,0,0,0,0,0,0,0,0,0,0,0,0,0,0,0,0,0,0,0,0,0,0,0,0,0,0,0,0,0,0,0,0,0,0,0,0,0,0,0,0,0,0,0,0,0,0,0,0,0,0,0,0,0,0,0,0,0,0,0,0,0,0,0,0,0,0,0,0,0,0,0,0,0,0,0,0,0,0,0,0,0,0,0,0,0,0,0,0,0,0,0,0,0,0,0,0,0,0,0,0
0,0,0,0,0,0,0,0,0,0.000526659579378242,0.0007906096687200192,0.001114938338292962,0.001477053317493005,0.001838222553862663,0.002149099895885654,0.002360324480688309,0.002435249222508907,0.002360324480688309,0.002149099895885654,0.001838222553862663,0.001477053317493005,0.001114938338292962,0.0007906096687200192,0.000526659579378242,0,0,0,0,0,0,0,0,0,0,0,0,0,0,0.000526659579378242,0.0007906096687200192,0.001114938338292962,0.001477053317493005,0.001838222553862663,0.002149099895885654,0.002360324480688309,0.002435249222508907,0.002360324480688309,0.002149099895885654,0.001838222553862663,0.003626153213378659,0.004341119391979081,0.005340254184012246,0.006553959290871762,0.007501095686486469,0.008769669333553833,0.009631597514455409,0.009937337239224112,0.009631597514455409,0.008769669333553833,0.007501095686486469,0.00602729971149352,0.004549644515292227,0.003226181053686119,0.002149099895885654,0,0,0,0.0007906096687200192,0.001186845683147944,0.001673720681814422,0.002217319649637031,0.002759498889318159,0.003226181053686119,0.003543266711206109,0.003655742070297929,0.005020320028699113,0.00544350070332315,0.005886420786988656,0.006359818121406447,0.00682914332632178,0.007214145394641464,0.007410303378034997,0.00682982534424901,0.006619693709314979,0.006817909380213539,0.006342268327655302,0.005816219153583838,0.005344241547307529,0.00497681853895519,0.004703234371179124,0.003543266711206109,0.003655742070297929,0.003543266711206109,0.003226181053686119,0.002759498889318159,0.002217319649637031,0.002464330350534441,0.002373691366295889,0.002464330350534441,0.002217319649637031,0.002759498889318159,0.003226181053686119,0.003543266711206109,0.003655742070297929,0.003543266711206109,0.003226181053686119,0.002759498889318159,0.002217319649637031,0.001673720681814422,0.001186845683147944,0.0007906096687200192,0,0,0,0,0,0,0,0,0,0,0,0,0,0,0,0,0,0,0,0,0,0,0,0,0,0,0,0,0,0,0,0,0,0,0,0,0,0,0,0,0,0,0,0,0,0,0,0,0,0,0,0,0,0,0,0,0,0,0,0,0,0,0,0,0,0,0,0,0,0,0,0,0,0,0,0,0,0,0,0,0,0,0,0,0,0,0,0,0,0,0,0,0,0,0,0,0,0,0,0,0,0,0,0,0,0,0,0,0,0,0,0,0,0,0,0,0,0,0,0,0,0,0,0,0,0,0,0,0,0,0,0,0,0,0,0,0,0,0,0,0,0,0,0,0
0,0,0,0,0,0,0,0,0,0.0007906096687200192,0.001186845683147944,0.001673720681814422,0.002217319649637031,0.002759498889318159,0.003226181053686119,0.003543266711206109,0.003655742070297929,0.003543266711206109,0.003226181053686119,0.002759498889318159,0.002217319649637031,0.001673720681814422,0.001186845683147944,0.0007906096687200192,0,0,0,0,0,0,0.000526659579378242,0.0007906096687200192,0.001114938338292962,0.001477053317493005,0.001838222553862663,0.002149099895885654,0.002360324480688309,0.002435249222508907,0.003150934149408329,0.003335945579033599,0.003511943235677085,0.003694372967130036,0.003874437227611121,0.004016790722406138,0.004069926290584351,0.003655742070297929,0.003543266711206109,0.003226181053686119,0.002759498889318159,0.004577644130325341,0.00521698739302053,0.006183652647976398,0.007410303378034997,0.00823834192849522,0.009631597514455409,0.01057824042755217,0.01091402982406744,0.01057824042755217,0.009631597514455409,0.00823834192849522,0.006619693709314979,0.004996806964828454,0.003543266711206109,0.002360324480688309,0,0,0,0.001114938338292962,0.001673720681814422,0.002360324480688309,0.003126921897670497,0.00389151717706505,0.004549644515292227,0.004996806964828454,0.005155422644507358,0.006835029518691116,0.007309143404610386,0.0077830343541301,0.008282344542177855,0.008776351625810374,0.009174816368300892,0.009353280266788182,0.008499854973448386,0.00823834192849522,0.008616034024779432,0.008089747826936486,0.007515747125195668,0.007018439074735547,0.006651016066383209,0.006387867069154889,0.004996806964828454,0.005155422644507358,0.004996806964828454,0.004549644515292227,0.00389151717706505,0.003126921897670497,0.003475262818981272,0.003347441363628844,0.003475262818981272,0.003126921897670497,0.00389151717706505,0.004549644515292227,0.004996806964828454,0.005155422644507358,0.004996806964828454,0.004549644515292227,0.00389151717706505,0.003126921897670497,0.002360324480688309,0.001673720681814422,0.001114938338292962,0,0,0,0,0,0,0,0,0,0,0,0,0,0,0,0,0,0,0,0,0,0,0,0,0,0,0,0,0,0,0,0,0,0,0,0,0,0,0,0,0,0,0,0,0,0,0,0,0,0,0,0,0,0,0,0,0,0,0,0,0,0,0,0,0,0,0,0,0,0,0,0,0,0,0,0,0,0,0,0,0,0,0,0,0,0,0,0,0,0,0,0,0,0,0,0,0,0,0,0,0,0,0,0,0,0,0,0,0,0,0,0,0,0,0,0,0,0,0,0,0,0,0,0,0,0,0,0,0,0,0,0,0,0,0,0,0,0,0,0,0,0,0,0,0
0,0,0,0,0,0,0,0,0,0.001114938338292962,0.001673720681814422,0.002360324480688309,0.003126921897670497,0.00389151717706505,0.004549644515292227,0.004996806964828454,0.005155422644507358,0.004996806964828454,0.004549644515292227,0.00389151717706505,0.003126921897670497,0.002360324480688309,0.001673720681814422,0.001114938338292962,0,0,0,0,0,0,0.0007906096687200192,0.001186845683147944,0.001673720681814422,0.002217319649637031,0.002759498889318159,0.003226181053686119,0.003543266711206109,0.003655742070297929,0.004658205049499071,0.004899901735500541,0.005119823370006468,0.005344241547307529,0.005565237858879472,0.005736490198440171,0.005787416633548472,0.005155422644507358,0.004996806964828454,0.004549644515292227,0.00389151717706505,0.005562171120179404,0.006016066550986239,0.00682914332632178,0.007944763682541971,0.008499854973448386,0.009937337239224112,0.01091402982406744,0.01126047832023017,0.01091402982406744,0.009937337239224112,0.008499854973448386,0.00682982534424901,0.005155422644507358,0.003655742070297929,0.002435249222508907,0,0,0,0.001477053317493005,0.002217319649637031,0.003126921897670497,0.004142498471769416,0.005155422644507358,0.00602729971149352,0.006619693709314979,0.00682982534424901,0.008768793605200633,0.00925348076517964,0.009705067159799585,0.01016979818326294,0.01062801758415697,0.01098698898319087,0.01110865083194841,0.009937337239224112,0.009631597514455409,0.01024672265104684,0.009718415336123502,0.009154221609164017,0.008692142987061642,0.008381603698193477,0.008176399607379174,0.006619693709314979,0.00682982534424901,0.006619693709314979,0.00602729971149352,0.005155422644507358,0.004142498471769416,0.004603975215163501,0.004434639299274063,0.004603975215163501,0.004142498471769416,0.005155422644507358,0.00602729971149352,0.006619693709314979,0.00682982534424901,0.006619693709314979,0.00602729971149352,0.005155422644507358,0.004142498471769416,0.003126921897670497,0.002217319649637031,0.001477053317493005,0,0,0,0,0,0,0,0,0,0,0,0,0,0,0,0,0,0,0,0,0,0,0,0,0,0,0,0,0,0,0,0,0,0,0,0,0,0,0,0,0,0,0,0,0,0,0,0,0,0,0,0,0,0,0,0,0,0,0,0,0,0,0,0,0,0,0,0,0,0,0,0,0,0,0,0,0,0,0,0,0,0,0,0,0,0,0,0,0,0,0,0,0,0,0,0,0,0,0,0,0,0,0,0,0,0,0,0,0,0,0,0,0,0,0,0,0,0,0,0,0,0,0,0,0,0,0,0,0,0,0,0,0,0,0,0,0,0,0,0,0,0,0,0,0
0,0,0,0,0,0,0,0,0,0.001477053317493005,0.002217319649637031,0.003126921897670497,0.004142498471769416,0.005155422644507358,0.00602729971149352,0.006619693709314979,0.00682982534424901,0.006619693709314979,0.00602729971149352,0.005155422644507358,0.004142498471769416,0.003126921897670497,0.002217319649637031,0.001477053317493005,0,0,0,0,0,0,0.001114938338292962,0.001673720681814422,0.002360324480688309,0.003126921897670497,0.00389151717706505,0.004549644515292227,0.004996806964828454,0.005155422644507358,0.006473860282321458,0.006766964164929258,0.007018439074735547,0.007269420369439913,0.007515747125195668,0.007701020393307942,0.007734632047607941,0.00682982534424901,0.006619693709314979,0.00602729971149352,0.005155422644507358,0.006502822952457726,0.006670188608876606,0.007214126614465485,0.008096747026807984,0.00823834192849522,0.009631597514455409,0.01057824042755217,0.01091402982406744,0.01057824042755217,0.009631597514455409,0.00823834192849522,0.006619693709314979,0.004996806964828454,0.003543266711206109,0.002360324480688309,0,0,0,0.001838222553862663,0.002759498889318159,0.00389151717706505,0.005155422644507358,0.006416027145122064,0.007501095686486469,0.00823834192849522,0.008499854973448386,0.01059866640918353,0.01104436239769258,0.01141283410995052,0.01177511635382234,0.01212985910556027,0.01239109640377357,0.01241646298141483,0.01091402982406744,0.01057824042755217,0.01146982006831807,0.01099784081781338,0.01051121088638003,0.01015222960933581,0.009959293856328173,0.009861420167174778,0.00823834192849522,0.008499854973448386,0.00823834192849522,0.007501095686486469,0.006416027145122064,0.005155422644507358,0.005729739730927713,0.005518997778636317,0.005729739730927713,0.005155422644507358,0.006416027145122064,0.007501095686486469,0.00823834192849522,0.008499854973448386,0.00823834192849522,0.007501095686486469,0.006416027145122064,0.005155422644507358,0.00389151717706505,0.002759498889318159,0.001838222553862663,0,0,0,0,0,0,0,0,0,0,0,0,0,0,0,0,0,0,0,0,0,0,0,0,0,0,0,0,0,0,0,0,0,0,0,0,0,0,0,0,0,0,0,0,0,0,0,0,0,0,0,0,0,0,0,0,0,0,0,0,0,0,0,0,0,0,0,0,0,0,0,0,0,0,0,0,0,0,0,0,0,0,0,0,0,0,0,0,0,0,0,0,0,0,0,0,0,0,0,0,0,0,0,0,0,0,0,0,0,0,0,0,0,0,0,0,0,0,0,0,0,0,0,0,0,0,0,0,0,0,0,0,0,0,0,0,0,0,0,0,0,0,0,0,0
0,0,0,0,0,0,0,0,0,0.001838222553862663,0.002759498889318159,0.00389151717706505,0.005155422644507358,0.006416027145122064,0.007501095686486469,0.00823834192849522,0.008499854973448386,0.00823834192849522,0.007501095686486469,0.006416027145122064,0.005155422644507358,0.00389151717706505,0.002759498889318159,0.001838222553862663,0,0,0,0,0,0,0.001477053317493005,0.002217319649637031,0.003126921897670497,0.004142498471769416,0.005155422644507358,0.00602729971149352,0.006619693709314979,0.00682982534424901,0.00845791626317764,0.008786798600811678,0.009046939821572408,0.009297921116276774,0.009542949042792561,0.009718415336123502,0.009715395245988225,0.008499854973448386,0.00823834192849522,0.007501095686486469,0.006416027145122064,0.007304522540393012,0.007117698230751169,0.007309143404610386,0.007865522265356183,0.007501095686486469,0.008769669333553833,0.009631597514455409,0.009937337239224112,0.009631597514455409,0.008769669333553833,0.007501095686486469,0.00602729971149352,0.004549644515292227,0.003226181053686119,0.002149099895885654,0,0,0,0.002149099895885654,0.003226181053686119,0.004549644515292227,0.00602729971149352,0.007501095686486469,0.008769669333553833,0.009631597514455409,0.009937337239224112,0.01206684673696432,0.01242541140385176,0.01265651833099383,0.01285712505574253,0.01304949948874061,0.01316351829291023,0.01306312971995309,0.01126047832023017,0.01091402982406744,0.01208643713510977,0.01172603602713451,0.01137946985954124,0.01118272235600088,0.0111568377567844,0.01120491855606274,0.009631597514455409,0.009937337239224112,0.009631597514455409,0.008769669333553833,0.007501095686486469,0.00602729971149352,0.006698744411177881,0.006452362107372238,0.006698744411177881,0.00602729971149352,0.007501095686486469,0.008769669333553833,0.009631597514455409,0.009937337239224112,0.009631597514455409,0.008769669333553833,0.007501095686486469,0.00602729971149352,0.004549644515292227,0.003226181053686119,0.002149099895885654,0,0,0,0,0,0,0,0,0,0,0,0,0,0,0,0,0,0,0,0,0,0,0,0,0,0,0,0,0,0,0,0,0,0,0,0,0,0,0,0,0,0,0,0,0,0,0,0,0,0,0,0,0,0,0,0,0,0,0,0,0,0,0,0,0,0,0,0,0,0,0,0,0,0,0,0,0,0,0,0,0,0,0,0,0,0,0,0,0,0,0,0,0,0,0,0,0,0,0,0,0,0,0,0,0,0,0,0,0,0,0,0,0,0,0,0,0,0,0,0,0,0,0,0,0,0,0,0,0,0,0,0,0,0,0,0,0,0,0,0,0,0,0,0,0
0,0,0,0,0,0,0,0,0,0.002149099895885654,0.003226181053686119,0.004549644515292227,0.00602729971149352,0.007501095686486469,0.008769669333553833,0.009631597514455409,0.009937337239224112,0.009631597514455409,0.008769669333553833,0.007501095686486469,0.00602729971149352,0.004549644515292227,0.003226181053686119,0.002149099895885654,0,0,0,0,0,0,0.001838222553862663,0.002759498889318159,0.00389151717706505,0.005155422644507358,0.006416027145122064,0.007501095686486469,0.00823834192849522,0.008499854973448386,0.01038744182438087,0.01072727674017259,0.01096567166041429,0.01118272235600088,0.01139261286355152,0.01152916822287199,0.01146982006831807,0.009937337239224112,0.009631597514455409,0.008769669333553833,0.007501095686486469,0.007865522265356183,0.007309143404610386,0.007117698230751169,0.007304522540393012,0.006416027145122064,0.007501095686486469,0.00823834192849522,0.008499854973448386,0.00823834192849522,0.007501095686486469,0.006416027145122064,0.005155422644507358,0.00389151717706505,0.002759498889318159,0.001838222553862663,0,0,0,0.002360324480688309,0.003543266711206109,0.004996806964828454,0.006619693709314979,0.00823834192849522,0.009631597514455409,0.01057824042755217,0.01091402982406744,0.01293856490824048,0.01317486422566152,0.01323514889332367,0.01323938741862996,0.01323514889332367,0.01317486422566152,0.01293856490824048,0.01091402982406744,0.01057824042755217,0.01199192199514372,0.01178160863970133,0.01161650067414343,0.01161650067414343,0.01178160863970133,0.01199192199514372,0.01057824042755217,0.01091402982406744,0.01057824042755217,0.009631597514455409,0.00823834192849522,0.006619693709314979,0.007357131445516763,0.007086533422412217,0.007357131445516763,0.006619693709314979,0.00823834192849522,0.009631597514455409,0.01057824042755217,0.01091402982406744,0.01057824042755217,0.009631597514455409,0.00823834192849522,0.006619693709314979,0.004996806964828454,0.003543266711206109,0.002360324480688309,0,0,0,0,0,0,0,0,0,0,0,0,0,0,0,0,0,0,0,0,0,0,0,0,0,0,0,0,0,0,0,0,0,0,0,0,0,0,0,0,0,0,0,0,0,0,0,0,0,0,0,0,0,0,0,0,0,0,0,0,0,0,0,0,0,0,0,0,0,0,0,0,0,0,0,0,0,0,0,0,0,0,0,0,0,0,0,0,0,0,0,0,0,0,0,0,0,0,0,0,0,0,0,0,0,0,0,0,0,0,0,0,0,0,0,0,0,0,0,0,0,0,0,0,0,0,0,0,0,0,0,0,0,0,0,0,0,0,0,0,0,0,0,0,0
0,0,0,0.000526659579378242,0.0007906096687200192,0.001114938338292962,0.001477053317493005,0.001838222553862663,0.002149099895885654,0.004720648961376619,0.005978515933715015,0.007357131445516763,0.008768793605200633,0.01007656448235788,0.01110865083194841,0.01169317876584513,0.01170463949278746,0.01110490000693041,0.009631597514455409,0.00823834192849522,0.006619693709314979,0.004996806964828454,0.003543266711206109,0.002360324480688309,0,0,0,0,0,0,0.002149099895885654,0.003226181053686119,0.004549644515292227,0.00602729971149352,0.007501095686486469,0.008769669333553833,0.009631597514455409,0.009937337239224112,0.01199192199514372,0.01231293604475994,0.01249790265131492,0.0126469934208085,0.01278798644378745,0.01285777856814153,0.01272734032343782,0.01091402982406744,0.01057824042755217,0.009631597514455409,0.00823834192849522,0.008096747026807984,0.007214126614465485,0.007196848188254848,0.007293432621177745,0.00627036098280032,0.007504353028986525,0.00845791626317764,0.008978925240134664,0.008980018190003288,0.008462548934002428,0.007515747125195668,0.00629159836765507,0.004965144451533159,0.003694372967130036,0.003118651235164209,0.001581219337440038,0.001641597917671204,0.001477053317493005,0.00427347177637157,0.005804841966183583,0.007515747125195668,0.009265074566757917,0.01086017945413669,0.01208643713510977,0.0127522523779301,0.01273753163772317,0.01417806805824605,0.01395412796163025,0.01357615906811886,0.01285712505574253,0.01265651833099383,0.01242541140385176,0.01206684673696432,0.009937337239224112,0.009631597514455409,0.01120491855606274,0.0111568377567844,0.01118272235600088,0.01137946985954124,0.01172603602713451,0.01208643713510977,0.01091402982406744,0.01126047832023017,0.01091402982406744,0.009937337239224112,0.008499854973448386,0.00682982534424901,0.007590671867016265,0.007311484140595859,0.007590671867016265,0.00682982534424901,0.008499854973448386,0.009937337239224112,0.01091402982406744,0.01126047832023017,0.01091402982406744,0.009937337239224112,0.008499854973448386,0.00682982534424901,0.005155422644507358,0.003655742070297929,0.002435249222508907,0,0,0,0,0,0,0,0,0,0,0,0,0,0,0,0,0,0,0,0,0,0,0,0,0,0,0,0,0,0,0,0,0,0,0,0,0,0,0,0,0,0,0,0,0,0,0,0,0,0,0,0,0,0,0,0,0,0,0,0,0,0,0,0,0,0,0,0,0,0,0,0,0,0,0,0,0,0,0,0,0,0,0,0,0,0,0,0,0,0,0,0,0,0,0,0,0,0,0,0,0,0,0,0,0,0,0,0,0,0,0,0,0,0,0,0,0,0,0,0,0,0,0,0,0,0,0,0,0,0,0,0,0,0,0,0,0,0,0,0,0,0,0,0,0
0,0,0,0.0007906096687200192,0.001186845683147944,0.001673720681814422,0.002217319649637031,0.002759498889318159,0.003226181053686119,0.005978515933715015,0.007311484140595859,0.008698689355713466,0.01005600639793513,0.01125935386276654,0.01215465688886114,0.01258775050588186,0.01244732400337811,0.01170463949278746,0.009937337239224112,0.008499854973448386,0.00682982534424901,0.005155422644507358,0.003655742070297929,0.002435249222508907,0,0,0,0,0,0,0.002360324480688309,0.003543266711206109,0.004996806964828454,0.006619693709314979,0.00823834192849522,0.009631597514455409,0.01057824042755217,0.01091402982406744,0.01301348965006107,0.01328733958475334,0.01339376457300258,0.01344951905356399,0.01349666193827684,0.01348060395043022,0.01327435430475575,0.01126047832023017,0.01091402982406744,0.009937337239224112,0.008499854973448386,0.007944763682541971,0.00682914332632178,0.006806676219706258,0.006749016803327348,0.005565237858879472,0.006766964164929258,0.007756305854146613,0.008381603698193477,0.008540073676034562,0.008205386585590157,0.007434783888271158,0.006353102951356616,0.005119823370006468,0.003891040331451453,0.003579268688827404,0.002373691366295889,0.002464330350534441,0.002217319649637031,0.005119823370006468,0.006769447764892227,0.008540073676034562,0.01027543577961291,0.01178160863970133,0.01285777856814153,0.01333773931687032,0.01313134947370447,0.01409018366322925,0.01357794208692151,0.01292046877428029,0.01177511635382234,0.01141283410995052,0.01104436239769258,0.01059866640918353,0.008499854973448386,0.00823834192849522,0.009861420167174778,0.009959293856328173,0.01015222960933581,0.01051121088638003,0.01099784081781338,0.01146982006831807,0.01057824042755217,0.01091402982406744,0.01057824042755217,0.009631597514455409,0.00823834192849522,0.006619693709314979,0.007357131445516763,0.007086533422412217,0.007357131445516763,0.006619693709314979,0.00823834192849522,0.009631597514455409,0.01057824042755217,0.01091402982406744,0.01057824042755217,0.009631597514455409,0.00823834192849522,0.006619693709314979,0.004996806964828454,0.003543266711206109,0.002360324480688309,0,0,0,0,0,0,0,0,0,0,0,0,0,0,0,0,0,0,0,0,0,0,0,0,0,0,0,0,0,0,0,0,0,0,0,0,0,0,0,0,0,0,0,0,0,0,0,0,0,0,0,0,0,0,0,0,0,0,0,0,0,0,0,0,0,0,0,0,0,0,0,0,0,0,0,0,0,0,0,0,0,0,0,0,0,0,0,0,0,0,0,0,0,0,0,0,0,0,0,0,0,0,0,0,0,0,0,0,0,0,0,0,0,0,0,0,0,0,0,0,0,0,0,0,0,0,0,0,0,0,0,0,0,0,0,0,0,0,0,0,0,0,0,0,0
0,0,0,0.001114938338292962,0.001673720681814422,0.002360324480688309,0.003126921897670497,0.00389151717706505,0.004549644515292227,0.007357131445516763,0.008698689355713466,0.009993613929656907,0.01116933822460721,0.01212985910556027,0.01275851941212591,0.01293856490824048,0.01258775050588186,0.01169317876584513,0.009631597514455409,0.00823834192849522,0.006619693709314979,0.004996806964828454,0.003543266711206109,0.002360324480688309,0,0,0,0,0,0,0.002435249222508907,0.003655742070297929,0.005155422644507358,0.00682982534424901,0.008499854973448386,0.009937337239224112,0.01091402982406744,0.01126047832023017,0.01327435430475575,0.01348060395043022,0.01349666193827684,0.01344951905356399,0.01339376457300258,0.01328733958475334,0.01301348965006107,0.01091402982406744,0.01057824042755217,0.009631597514455409,0.00823834192849522,0.007410303378034997,0.006183652647976398,0.006331925731313493,0.006251364812139763,0.005119823370006468,0.006353102951356616,0.007434783888271158,0.008205386585590157,0.008540073676034562,0.008381603698193477,0.007756305854146613,0.006766964164929258,0.005565237858879472,0.004313767580818442,0.004265872487701291,0.003347441363628844,0.003475262818981272,0.003126921897670497,0.006040617072950704,0.007775825568978345,0.00954645148012068,0.01118272235600088,0.01249790265131492,0.01331931384884606,0.01352311469152046,0.01306425913689461,0.01346897531263672,0.01266070966500529,0.01174295592244993,0.01016979818326294,0.009705067159799585,0.00925348076517964,0.008768793605200633,0.00682982534424901,0.006619693709314979,0.008176399607379174,0.008381603698193477,0.008692142987061642,0.009154221609164017,0.009718415336123502,0.01024672265104684,0.009631597514455409,0.009937337239224112,0.009631597514455409,0.008769669333553833,0.007501095686486469,0.00602729971149352,0.006698744411177881,0.006452362107372238,0.006698744411177881,0.00602729971149352,0.007501095686486469,0.008769669333553833,0.009631597514455409,0.009937337239224112,0.009631597514455409,0.008769669333553833,0.007501095686486469,0.00602729971149352,0.004549644515292227,0.003226181053686119,0.002149099895885654,0,0,0,0,0,0,0,0,0,0,0,0,0,0,0,0,0,0,0,0,0,0,0,0,0,0,0,0,0,0,0,0,0,0,0,0,0,0,0,0,0,0,0,0,0,0,0,0,0,0,0,0,0,0,0,0,0,0,0,0,0,0,0,0,0,0,0,0,0,0,0,0,0,0,0,0,0,0,0,0,0,0,0,0,0,0,0,0,0,0,0,0,0,0,0,0,0,0,0,0,0,0,0,0,0,0,0,0,0,0,0,0,0,0,0,0,0,0,0,0,0,0,0,0,0,0,0,0,0,0,0,0,0,0,0,0,0,0,0,0,0,0,0,0,0
0,0,0,0.001477053317493005,0.002217319649637031,0.003126921897670497,0.004142498471769416,0.005155422644507358,0.00602729971149352,0.008768793605200633,0.01005600639793513,0.01116933822460721,0.01205459942298704,0.01265651833099383,0.01291216780532325,0.01275851941212591,0.01215465688886114,0.01110865083194841,0.008769669333553833,0.007501095686486469,0.00602729971149352,0.004549644515292227,0.003226181053686119,0.002149099895885654,0,0,0,0,0,0,0.002360324480688309,0.003543266711206109,0.004996806964828454,0.006619693709314979,0.00823834192849522,0.009631597514455409,0.01057824042755217,0.01091402982406744,0.01272734032343782,0.01285777856814153,0.01278798644378745,0.0126469934208085,0.01249790265131492,0.01231293604475994,0.01199192199514372,0.009937337239224112,0.009631597514455409,0.008769669333553833,0.007501095686486469,0.006553959290871762,0.005340254184012246,0.005818172709472086,0.005843472863015691,0.004965144451533159,0.00629159836765507,0.007515747125195668,0.008462548934002428,0.008980018190003288,0.008978925240134664,0.00845791626317764,0.007504353028986525,0.00627036098280032,0.004933108140489435,0.005130634794541743,0.004434639299274063,0.004603975215163501,0.004142498471769416,0.006993645198370021,0.008786798600811678,0.01051121088638003,0.01198524798875637,0.01303572085443704,0.01352839539797999,0.01339376457300258,0.0126423534452178,0.01248020216445868,0.01139213601793792,0.01025340494330338,0.008282344542177855,0.0077830343541301,0.007309143404610386,0.006835029518691116,0.005155422644507358,0.004996806964828454,0.006387867069154889,0.006651016066383209,0.007018439074735547,0.007515747125195668,0.008089747826936486,0.008616034024779432,0.00823834192849522,0.008499854973448386,0.00823834192849522,0.007501095686486469,0.006416027145122064,0.005155422644507358,0.005729739730927713,0.005518997778636317,0.005729739730927713,0.005155422644507358,0.006416027145122064,0.007501095686486469,0.00823834192849522,0.008499854973448386,0.00823834192849522,0.007501095686486469,0.006416027145122064,0.005155422644507358,0.00389151717706505,0.002759498889318159,0.001838222553862663,0,0,0,0,0,0,0,0,0,0,0,0,0,0,0,0,0,0,0,0,0,0,0,0,0,0,0,0,0,0,0,0,0,0,0,0,0,0,0,0,0,0,0,0,0,0,0,0,0,0,0,0,0,0,0,0,0,0,0,0,0,0,0,0,0,0,0,0,0,0,0,0,0,0,0,0,0,0,0,0,0,0,0,0,0,0,0,0,0,0,0,0,0,0,0,0,0,0,0,0,0,0,0,0,0,0,0,0,0,0,0,0,0,0,0,0,0,0,0,0,0,0,0,0,0,0,0,0,0,0,0,0,0,0,0,0,0,0,0,0,0,0,0,0,0
0,0,0,0.001838222553862663,0.002759498889318159,0.00389151717706505,0.005155422644507358,0.006416027145122064,0.007501095686486469,0.01007656448235788,0.01125935386276654,0.01212985910556027,0.01265651833099383,0.01283205429024413,0.01265651833099383,0.01212985910556027,0.01125935386276654,0.01007656448235788,0.007501095686486469,0.006416027145122064,0.005155422644507358,0.00389151717706505,0.002759498889318159,0.001838222553862663,0,0,0,0,0,0,0.002149099895885654,0.003226181053686119,0.004549644515292227,0.00602729971149352,0.007501095686486469,0.008769669333553833,0.009631597514455409,0.009937337239224112,0.01146982006831807,0.01152916822287199,0.01139261286355152,0.01118272235600088,0.01096567166041429,0.01072727674017259,0.01038744182438087,0.008499854973448386,0.00823834192849522,0.007501095686486469,0.006416027145122064,0.005155422644507358,0.00389151717706505,0.004597721443180821,0.004597721443180821,0.00389151717706505,0.005155422644507358,0.006416027145122064,0.007501095686486469,0.00823834192849522,0.008499854973448386,0.00823834192849522,0.007501095686486469,0.006416027145122064,0.005155422644507358,0.005729739730927713,0.005518997778636317,0.005729739730927713,0.005155422644507358,0.007893080462615068,0.009718415336123502,0.01136526382616572,0.0126423534452178,0.01339376457300258,0.01352839539797999,0.01303572085443704,0.01198524798875637,0.01130182055510005,0.009973644283959623,0.008667365880184442,0.006359818121406447,0.005886420786988656,0.00544350070332315,0.005020320028699113,0.003655742070297929,0.003543266711206109,0.004703234371179124,0.00497681853895519,0.005344241547307529,0.005816219153583838,0.006342268327655302,0.006817909380213539,0.006619693709314979,0.00682982534424901,0.006619693709314979,0.00602729971149352,0.005155422644507358,0.004142498471769416,0.004603975215163501,0.004434639299274063,0.004603975215163501,0.004142498471769416,0.005155422644507358,0.00602729971149352,0.006619693709314979,0.00682982534424901,0.006619693709314979,0.00602729971149352,0.005155422644507358,0.004142498471769416,0.003126921897670497,0.002217319649637031,0.001477053317493005,0,0,0,0,0,0,0,0,0,0,0,0,0,0,0,0,0,0,0,0,0,0,0,0,0,0,0,0,0,0,0,0,0,0,0,0,0,0,0,0,0,0,0,0,0,0,0,0,0,0,0,0,0,0,0,0,0,0,0,0,0,0,0,0,0,0,0,0,0,0,0,0,0,0,0,0,0,0,0,0,0,0,0,0,0,0,0,0,0,0,0,0,0,0,0,0,0,0,0,0,0,0,0,0,0,0,0,0,0,0,0,0,0,0,0,0,0,0,0,0,0,0,0,0,0,0,0,0,0,0,0,0,0,0,0,0,0,0,0,0,0,0,0,0,0
