0,0,0,0,0,0,0,0,0,0,0,0,0,0,0,0,0,0,0,0,0,0,0,0,0,0,0,0,0,0,0,0,0,0,0,0,0,0,0,0,0,0,0,0,0,0,0,0,0,0,0,0,0,0,0,0,0,0,0,0,0,0,0,0,0,0,0,0,0,0,0,0,0,0,0,0,0,0,0,0,0,0,0,0,0,0,0,0,0,0,0,0,0,0,0,0,0,0,0,0,0,0,0,0,0,0,0,0,0,0,0,0,0,0,0,0,0,0,0,0,0,0,0,0,0,0,0,0,0,0,0,0,0,0,0,0,0,0,0,0,0,0,0,0,0,0,0,0,0,0,0.002360324480688309,0.003543266711206109,0.004996806964828454,0.006619693709314979,0.00823834192849522,0.009631597514455409,0.01057824042755217,0.01091402982406744,0.01057824042755217,0.009631597514455409,0.00823834192849522,0.006619693709314979,0.004996806964828454,0.003543266711206109,0.002360324480688309,0,0,0,0,0,0,0,0,0,0,0,0,0,0,0,0,0,0,0,0,0,0,0,0,0,0,0,0,0,0,0,0,0,0,0,0,0,0.001477053317493005,0.002217319649637031,0.003126921897670497,0.004142498471769416,0.005155422644507358,0.00602729971149352,0.006619693709314979,0.00682982534424901,0.008096747026807984,0.008244619361130551,0.008282344542177855,0.008284996943538831,0.008282344542177855,0.008244619361130551,0.008096747026807984,0.00682982534424901,0.006619693709314979,0.00602729971149352,0.005155422644507358,0.004142498471769416,0.004603975215163501,0.004434639299274063,0.004603975215163501,0.004142498471769416,0.005155422644507358,0.00602729971149352,0.006619693709314979,0.00682982534424901,0.006619693709314979,0.00602729971149352,0.005155422644507358,0.004142498471769416,0.003126921897670497,0.002217319649637031,0.001477053317493005,0,0.002149099895885654,0.003226181053686119,0.004549644515292227,0.00602729971149352,0.007501095686486469,0.008769669333553833,0.009631597514455409,0.009937337239224112,0.009631597514455409,0.008769669333553833,0.007501095686486469,0.00602729971149352,0.004549644515292227,0.003226181053686119,0.002149099895885654,0,0,0
0,0,0,0,0,0,0,0,0,0,0,0,0,0,0,0,0,0,0,0,0,0,0,0,0,0,0,0,0,0,0,0,0,0,0,0,0,0,0,0,0,0,0,0,0,0,0,0,0,0,0,0,0,0,0,0,0,0,0,0,0,0,0,0,0,0,0,0,0,0,0,0,0,0,0,0,0,0,0,0,0,0,0,0,0,0,0,0,0,0,0,0,0,0,0,0,0,0,0,0,0,0,0,0,0,0,0,0,0,0,0,0,0,0,0,0,0,0,0,0,0,0,0,0,0,0,0,0,0,0,0,0,0,0,0,0,0,0,0,0,0,0,0,0,0,0,0,0,0,0,0.002435249222508907,0.003655742070297929,0.005155422644507358,0.00682982534424901,0.008499854973448386,0.009937337239224112,0.01091402982406744,0.01126047832023017,0.01091402982406744,0.009937337239224112,0.008499854973448386,0.00682982534424901,0.005155422644507358,0.003655742070297929,0.002435249222508907,0,0,0,0,0,0,0,0,0,0,0,0,0,0,0,0,0,0,0,0,0,0,0,0,0,0,0,0,0,0,0,0,0,0,0,0,0,0.001114938338292962,0.001673720681814422,0.002360324480688309,0.003126921897670497,0.00389151717706505,0.004549644515292227,0.004996806964828454,0.005155422644507358,0.006111745303121416,0.006223365197106649,0.00625184165775336,0.006253843795340994,0.00625184165775336,0.006223365197106649,0.006111745303121416,0.005155422644507358,0.004996806964828454,0.004549644515292227,0.00389151717706505,0.003126921897670497,0.003475262818981272,0.003347441363628844,0.003475262818981272,0.003126921897670497,0.00389151717706505,0.004549644515292227,0.004996806964828454,0.005155422644507358,0.004996806964828454,0.004549644515292227,0.00389151717706505,0.003126921897670497,0.002360324480688309,0.001673720681814422,0.001114938338292962,0,0.001838222553862663,0.002759498889318159,0.00389151717706505,0.005155422644507358,0.006416027145122064,0.007501095686486469,0.00823834192849522,0.008499854973448386,0.00823834192849522,0.007501095686486469,0.006416027145122064,0.005155422644507358,0.00389151717706505,0.002759498889318159,0.001838222553862663,0,0,0
0,0,0,0,0,0,0,0,0,0,0,0,0,0,0,0,0,0,0,0,0,0,0,0,0,0,0,0,0,0,0,0,0,0,0,0,0,0,0,0,0,0,0,0,0,0,0,0,0,0,0,0,0,0,0,0,0,0,0,0,0,0,0,0,0,0,0,0,0,0,0,0,0,0,0,0,0,0,0,0,0,0,0,0,0,0,0,0,0,0,0,0,0,0,0,0,0,0,0,0,0,0,0,0,0,0,0,0,0,0,0,0,0,0,0,0,0,0,0,0,0,0,0,0,0,0,0,0,0,0,0,0,0,0,0,0,0,0,0,0,0,0,0,0,0,0,0,0,0,0,0.002360324480688309,0.003543266711206109,0.004996806964828454,0.006619693709314979,0.00823834192849522,0.009631597514455409,0.01057824042755217,0.01091402982406744,0.01057824042755217,0.009631597514455409,0.00823834192849522,0.006619693709314979,0.004996806964828454,0.003543266711206109,0.002360324480688309,0,0,0,0,0,0,0,0,0,0,0,0,0,0,0,0,0,0,0,0,0,0,0,0,0,0,0,0,0,0,0,0,0,0,0,0,0,0.0007906096687200192,0.001186845683147944,0.001673720681814422,0.002217319649637031,0.002759498889318159,0.003226181053686119,0.003543266711206109,0.003655742070297929,0.004333876379926127,0.004413026736834063,0.004433219571132581,0.004434639299274063,0.004433219571132581,0.004413026736834063,0.004333876379926127,0.003655742070297929,0.003543266711206109,0.003226181053686119,0.002759498889318159,0.002217319649637031,0.002464330350534441,0.002373691366295889,0.002464330350534441,0.002217319649637031,0.002759498889318159,0.003226181053686119,0.003543266711206109,0.003655742070297929,0.003543266711206109,0.003226181053686119,0.002759498889318159,0.002217319649637031,0.001673720681814422,0.001186845683147944,0.0007906096687200192,0,0.001477053317493005,0.002217319649637031,0.003126921897670497,0.004142498471769416,0.005155422644507358,0.00602729971149352,0.006619693709314979,0.00682982534424901,0.006619693709314979,0.00602729971149352,0.005155422644507358,0.004142498471769416,0.003126921897670497,0.002217319649637031,0.001477053317493005,0,0,0
0,0,0,0,0,0,0,0,0,0,0,0,0,0,0,0,0,0,0,0,0,0,0,0,0,0,0,0,0,0,0,0,0,0,0,0,0,0,0,0,0,0,0,0,0,0,0,0,0,0,0,0,0,0,0,0,0,0,0,0,0,0,0,0,0,0,0,0,0,0,0,0,0,0,0,0,0,0,0,0,0,0,0,0,0,0,0,0,0,0,0,0,0,0,0,0,0,0,0,0,0,0,0,0,0,0,0,0,0,0,0,0,0,0,0,0,0,0,0,0,0,0,0,0,0,0,0,0,0,0,0,0,0,0,0,0,0,0,0,0,0,0,0,0,0,0,0,0,0,0,0.002149099895885654,0.003226181053686119,0.004549644515292227,0.00602729971149352,0.007501095686486469,0.008769669333553833,0.009631597514455409,0.009937337239224112,0.009631597514455409,0.008769669333553833,0.007501095686486469,0.00602729971149352,0.004549644515292227,0.003226181053686119,0.002149099895885654,0,0,0,0,0,0,0,0,0,0,0,0,0,0,0,0,0,0,0,0,0,0,0,0,0,0,0,0,0,0,0,0,0,0,0,0,0,0.000526659579378242,0.0007906096687200192,0.001114938338292962,0.001477053317493005,0.001838222553862663,0.002149099895885654,0.002360324480688309,0.002435249222508907,0.002886984060066552,0.002939709564605673,0.002953160892155625,0.00295410663498601,0.002953160892155625,0.002939709564605673,0.002886984060066552,0.002435249222508907,0.002360324480688309,0.002149099895885654,0.001838222553862663,0.001477053317493005,0.001641597917671204,0.001581219337440038,0.001641597917671204,0.001477053317493005,0.001838222553862663,0.002149099895885654,0.002360324480688309,0.002435249222508907,0.002360324480688309,0.002149099895885654,0.001838222553862663,0.001477053317493005,0.001641597917671204,0.001581219337440038,0.001641597917671204,0.001477053317493005,0.002953160892155625,0.003822820577700076,0.004720648961376619,0.005562171120179404,0.00625184165775336,0.006698744411177881,0.006835029518691116,0.006632475962000363,0.006111745303121416,0.005340254184012246,0.004418176756443292,0.003126921897670497,0.002360324480688309,0.001673720681814422,0.001114938338292962,0,0,0
0,0,0,0,0,0,0,0,0,0,0,0,0,0,0,0,0,0,0,0,0,0,0,0,0,0,0,0,0,0,0,0,0,0,0,0,0,0,0,0,0,0,0,0,0,0,0,0,0,0,0,0,0,0,0,0,0,0,0,0,0,0,0,0,0,0,0,0,0,0,0,0,0,0,0,0,0,0,0,0,0,0,0,0,0,0,0,0,0,0,0,0,0,0,0,0,0,0,0,0,0,0,0,0,0,0,0,0,0,0,0,0,0,0,0,0,0,0,0,0,0,0,0,0,0,0,0,0,0,0,0,0,0,0,0,0,0,0,0,0,0,0,0,0,0,0,0,0,0,0,0.001838222553862663,0.002759498889318159,0.00389151717706505,0.005155422644507358,0.006416027145122064,0.007501095686486469,0.00823834192849522,0.008499854973448386,0.00823834192849522,0.007501095686486469,0.006416027145122064,0.005155422644507358,0.00389151717706505,0.002759498889318159,0.001838222553862663,0,0,0,0,0,0,0,0,0,0,0,0,0,0,0,0,0,0,0,0,0,0,0,0,0,0,0,0,0,0,0,0,0,0,0,0,0,0,0,0,0,0,0,0,0,0,0,0,0,0,0,0,0,0,0,0,0,0,0,0,0,0,0,0,0,0,0,0,0,0.0007906096687200192,0.001186845683147944,0.001673720681814422,0.002217319649637031,0.003550108558038178,0.004413026736834063,0.00521698739302053,0.005873061719934961,0.006302765600524268,0.00697902168675048,0.007093375269244286,0.006988000058227923,0.006694040710513535,0.006251249290696726,0.005699208453923832,0.004577644130325341,0.004108969904323329,0.003547170163836254,0.002939709564605673,0.001838222553862663,0.001477053317493005,0.001114938338292962
0,0,0,0,0,0,0,0,0,0,0,0,0,0,0,0,0,0,0,0,0,0,0,0,0,0,0,0,0,0,0,0,0,0,0,0,0,0,0,0,0,0,0,0,0,0,0,0,0,0,0,0,0,0,0,0,0,0,0,0,0,0,0,0,0,0,0,0,0,0,0,0,0,0,0,0,0,0,0,0,0,0,0,0,0,0,0,0,0,0,0,0,0,0,0,0,0,0,0,0,0,0,0,0,0,0,0,0,0,0,0,0,0,0,0,0,0,0,0,0,0,0,0,0,0,0,0,0,0,0,0,0,0,0,0,0,0,0,0,0,0,0,0,0,0,0,0,0,0,0,0.001477053317493005,0.002217319649637031,0.003126921897670497,0.004142498471769416,0.005155422644507358,0.00602729971149352,0.006619693709314979,0.00682982534424901,0.007146353288693221,0.006817909380213539,0.00627036098280032,0.005619551789262421,0.004965144451533159,0.004366419545522686,0.003837377798181314,0.002435249222508907,0.002360324480688309,0.002149099895885654,0.001838222553862663,0.001477053317493005,0.001114938338292962,0.0007906096687200192,0.000526659579378242,0,0,0,0,0,0,0,0,0,0,0,0,0,0,0,0,0,0,0,0,0,0,0,0,0,0,0,0,0,0,0,0,0,0,0,0,0,0,0,0,0,0,0,0,0,0,0,0,0,0,0,0,0,0,0,0,0,0,0,0,0,0.001114938338292962,0.001673720681814422,0.002360324480688309,0.003126921897670497,0.004418176756443292,0.005340254184012246,0.006111745303121416,0.006632475962000363,0.006835029518691116,0.0074893540798979,0.007438687340901304,0.007235891801993825,0.00693796861101365,0.006582319467018235,0.006179341945841744,0.005020320028699113,0.004770680408590891,0.004333876379926127,0.003752840633064361,0.002759498889318159,0.002217319649637031,0.001673720681814422
0,0,0,0,0,0,0,0,0,0,0,0,0,0,0,0,0,0,0,0,0,0,0,0,0,0,0,0,0,0,0,0,0,0,0,0,0,0,0,0,0,0,0,0,0,0,0,0,0,0,0,0,0,0,0,0,0,0,0,0,0,0,0,0,0,0,0,0,0,0,0,0,0,0,0,0,0,0,0,0,0,0,0,0,0,0,0,0,0,0,0,0,0,0,0,0,0,0,0,0,0,0,0,0,0,0,0,0,0,0,0,0,0,0,0,0,0,0,0,0,0,0,0,0,0,0,0,0,0,0,0,0,0,0,0,0,0,0,0,0,0,0,0,0,0,0,0,0,0,0,0.001114938338292962,0.001673720681814422,0.002360324480688309,0.003126921897670497,0.00389151717706505,0.004549644515292227,0.004996806964828454,0.005155422644507358,0.005787416633548472,0.005736490198440171,0.005565237858879472,0.005344241547307529,0.005119823370006468,0.004899901735500541,0.004658205049499071,0.003655742070297929,0.003543266711206109,0.003226181053686119,0.002759498889318159,0.002217319649637031,0.001673720681814422,0.001186845683147944,0.0007906096687200192,0,0,0,0,0,0,0,0,0,0,0,0,0,0,0,0,0,0,0,0,0,0,0,0,0,0,0,0,0,0,0,0,0,0,0,0,0,0,0,0,0,0,0,0,0,0,0,0,0,0,0,0,0,0,0,0,0,0,0,0,0,0.001477053317493005,0.002217319649637031,0.003126921897670497,0.004142498471769416,0.005155422644507358,0.00602729971149352,0.006619693709314979,0.00682982534424901,0.006619693709314979,0.007142238049786483,0.00682914332632178,0.006502822952457726,0.006253843795340994,0.006108836826702081,0.006026697832785232,0.004996806964828454,0.005155422644507358,0.004996806964828454,0.004549644515292227,0.00389151717706505,0.003126921897670497,0.002360324480688309
0,0,0,0,0,0,0,0,0,0,0,0,0,0,0,0,0,0,0,0,0,0,0,0,0,0,0,0,0,0,0,0,0,0,0,0,0,0,0,0,0,0,0,0,0,0,0,0,0,0,0,0,0,0,0,0,0,0,0,0,0,0,0,0,0,0,0,0,0,0,0,0,0,0,0,0,0,0,0,0,0,0,0,0,0,0,0,0,0,0,0,0,0,0,0,0,0,0,0,0,0,0,0,0,0,0,0,0,0,0,0,0,0,0,0,0,0,0,0,0,0,0,0,0,0,0,0,0,0,0,0,0,0,0,0,0,0,0,0,0,0,0,0,0,0,0,0,0,0,0,0.0007906096687200192,0.001186845683147944,0.001673720681814422,0.002217319649637031,0.002759498889318159,0.003226181053686119,0.003543266711206109,0.003655742070297929,0.004658205049499071,0.004899901735500541,0.005119823370006468,0.005344241547307529,0.005565237858879472,0.005736490198440171,0.005787416633548472,0.005155422644507358,0.004996806964828454,0.004549644515292227,0.00389151717706505,0.003126921897670497,0.002360324480688309,0.001673720681814422,0.001114938338292962,0,0,0,0,0,0,0,0,0,0,0,0,0,0,0,0,0,0,0,0,0,0,0,0,0,0,0,0,0,0,0,0,0,0,0,0,0,0,0,0,0,0,0,0,0,0,0,0,0,0,0,0,0,0,0,0,0,0,0,0,0,0.001838222553862663,0.002759498889318159,0.00389151717706505,0.005155422644507358,0.006416027145122064,0.007501095686486469,0.00823834192849522,0.008499854973448386,0.00823834192849522,0.008978149003979474,0.008633346794759095,0.008282344542177855,0.008034015648834466,0.007914921533825517,0.007865522265356183,0.006619693709314979,0.00682982534424901,0.006619693709314979,0.00602729971149352,0.005155422644507358,0.004142498471769416,0.003126921897670497
0,0,0,0,0,0,0,0,0,0,0,0,0,0,0,0,0,0,0,0,0,0,0,0,0,0,0,0,0,0,0,0,0,0,0,0,0,0,0,0,0,0,0,0,0,0,0,0,0,0,0,0,0,0,0,0,0,0,0,0,0,0,0,0,0,0,0,0,0,0,0,0,0,0,0,0,0,0,0,0,0,0,0,0,0,0,0,0,0,0,0,0,0,0,0,0,0,0,0,0,0,0,0,0,0,0,0,0,0,0,0,0,0,0,0,0,0,0,0,0,0,0,0,0,0,0,0,0,0,0,0,0,0,0,0,0,0,0,0,0,0,0,0,0,0,0,0,0,0,0,0.000526659579378242,0.0007906096687200192,0.001114938338292962,0.001477053317493005,0.001838222553862663,0.002149099895885654,0.002360324480688309,0.002435249222508907,0.003837377798181314,0.004366419545522686,0.004965144451533159,0.005619551789262421,0.00627036098280032,0.006817909380213539,0.007146353288693221,0.00682982534424901,0.006619693709314979,0.00602729971149352,0.005155422644507358,0.004142498471769416,0.003126921897670497,0.002217319649637031,0.001477053317493005,0,0,0,0,0,0,0,0,0,0,0,0,0,0,0,0,0,0,0,0,0,0,0,0,0,0,0,0,0,0,0,0,0,0,0,0,0,0,0,0,0,0,0,0,0,0,0,0,0,0,0,0,0,0,0,0,0,0,0,0,0,0.002149099895885654,0.003226181053686119,0.004549644515292227,0.00602729971149352,0.007501095686486469,0.008769669333553833,0.009631597514455409,0.009937337239224112,0.009631597514455409,0.0106078918874165,0.01026059457580463,0.009918816888558571,0.009705067159799585,0.009642208198808183,0.009650195582372123,0.00823834192849522,0.008499854973448386,0.00823834192849522,0.007501095686486469,0.006416027145122064,0.005155422644507358,0.00389151717706505
0,0,0,0,0,0,0,0,0,0,0,0,0,0,0,0,0,0,0,0,0,0,0,0,0,0,0,0,0,0,0,0,0,0,0,0,0,0,0,0,0,0,0,0,0,0,0,0,0,0,0,0,0,0,0,0,0,0,0,0,0,0,0,0,0,0,0,0,0,0,0,0,0,0,0,0,0,0,0,0,0,0,0,0,0,0,0,0,0,0,0,0,0,0,0,0,0,0,0,0,0,0,0,0,0,0,0,0,0,0,0,0,0,0,0,0,0,0,0,0,0,0,0,0,0,0,0,0,0,0,0,0,0,0,0,0,0,0,0,0,0,0,0,0,0,0,0,0,0,0,0,0,0,0,0,0,0,0,0.001838222553862663,0.002759498889318159,0.00389151717706505,0.005155422644507358,0.006416027145122064,0.007501095686486469,0.00823834192849522,0.008499854973448386,0.00823834192849522,0.007501095686486469,0.006416027145122064,0.005155422644507358,0.00389151717706505,0.002759498889318159,0.001838222553862663,0,0,0,0,0,0,0,0,0,0,0,0,0,0,0,0,0,0,0,0,0,0,0,0,0,0,0,0,0,0,0,0,0,0,0,0,0,0,0,0,0,0,0,0,0,0,0,0,0,0,0,0,0,0,0,0,0,0,0,0,0,0.002360324480688309,0.003543266711206109,0.004996806964828454,0.006619693709314979,0.00823834192849522,0.009631597514455409,0.01057824042755217,0.01091402982406744,0.01057824042755217,0.01178069741034106,0.01146452298218134,0.01116933822460721,0.01102410667632197,0.01104436239769258,0.01112999381424214,0.009631597514455409,0.009937337239224112,0.009631597514455409,0.008769669333553833,0.007501095686486469,0.00602729971149352,0.004549644515292227
0,0,0,0,0,0,0,0,0,0,0,0,0,0,0,0,0,0,0,0,0,0,0,0,0,0,0,0,0,0,0,0,0,0,0,0,0,0,0,0,0,0,0,0,0,0,0,0,0,0,0,0,0,0,0,0,0,0,0,0,0,0,0,0,0,0,0,0,0,0,0,0,0,0,0,0,0,0,0,0,0,0,0,0,0,0,0,0,0,0,0,0,0,0,0,0,0,0,0,0,0,0,0,0,0,0,0,0,0,0,0,0,0,0,0,0,0,0,0,0,0,0,0,0,0,0,0,0,0,0,0,0,0,0,0,0,0,0,0,0,0,0,0,0,0,0,0,0,0,0,0,0,0,0,0,0,0,0,0.002149099895885654,0.003226181053686119,0.004549644515292227,0.00602729971149352,0.007501095686486469,0.008769669333553833,0.009631597514455409,0.009937337239224112,0.009631597514455409,0.008769669333553833,0.007501095686486469,0.00602729971149352,0.004549644515292227,0.003226181053686119,0.002149099895885654,0,0,0,0,0,0,0,0,0,0,0,0,0,0,0,0,0,0,0,0,0,0,0,0,0,0,0,0,0,0,0,0,0,0,0,0,0,0,0,0,0,0,0,0,0,0,0,0,0,0,0,0,0,0,0,0,0,0,0,0,0,0.002435249222508907,0.003655742070297929,0.005155422644507358,0.00682982534424901,0.008499854973448386,0.009937337239224112,0.01091402982406744,0.01126047832023017,0.01091402982406744,0.01229766171991242,0.01204312168465449,0.01182663230907746,0.01177511635382234,0.01189408399879315,0.01206684673696432,0.01057824042755217,0.01091402982406744,0.01057824042755217,0.009631597514455409,0.00823834192849522,0.006619693709314979,0.004996806964828454
0,0,0,0,0,0,0,0,0,0,0,0,0,0,0,0,0,0,0,0,0,0,0,0,0,0,0,0,0,0,0,0,0,0,0,0,0,0,0,0,0,0,0,0,0,0,0,0,0,0,0,0,0,0,0,0,0,0,0,0,0,0,0,0,0,0,0,0,0,0,0,0,0,0,0,0,0,0,0,0,0,0,0,0,0,0,0,0,0,0,0,0,0,0,0,0,0,0,0,0,0,0,0,0,0,0,0,0,0,0,0,0,0,0,0,0,0,0,0,0,0,0,0,0,0,0,0,0,0,0,0,0,0,0,0,0,0,0,0,0,0,0,0,0,0,0,0,0,0,0,0,0,0,0,0,0,0,0,0.002360324480688309,0.003543266711206109,0.004996806964828454,0.006619693709314979,0.00823834192849522,0.009631597514455409,0.01057824042755217,0.01091402982406744,0.01057824042755217,0.009631597514455409,0.00823834192849522,0.006619693709314979,0.004996806964828454,0.003543266711206109,0.002360324480688309,0,0,0,0,0,0,0,0,0,0,0,0,0,0,0,0,0,0,0,0,0,0,0,0,0,0,0,0,0,0,0,0,0,0,0,0,0,0,0,0,0,0,0,0,0,0,0,0,0,0,0,0,0,0,0,0,0,0,0,0,0,0.002360324480688309,0.003543266711206109,0.004996806964828454,0.006619693709314979,0.00823834192849522,0.009631597514455409,0.01057824042755217,0.01091402982406744,0.01057824042755217,0.01206684673696432,0.01189408399879315,0.01177511635382234,0.01182663230907746,0.01204312168465449,0.01229766171991242,0.01091402982406744,0.01126047832023017,0.01091402982406744,0.009937337239224112,0.008499854973448386,0.00682982534424901,0.005155422644507358
0,0,0,0,0,0,0,0,0,0,0,0,0,0,0,0,0,0,0,0,0,0,0,0,0,0,0,0,0,0,0,0,0,0,0,0,0,0,0,0,0,0,0,0,0,0,0,0,0,0,0,0,0,0,0,0,0,0,0,0,0,0,0,0,0,0,0,0,0,0,0,0,0,0,0,0,0,0,0,0,0,0,0,0,0,0,0,0,0,0,0,0,0,0,0,0,0,0,0,0,0,0,0,0,0,0,0,0,0,0,0,0,0,0,0,0,0,0,0,0,0,0,0,0,0,0,0,0,0,0,0,0,0,0,0,0,0,0,0,0,0,0,0,0,0,0,0,0,0,0,0,0,0,0,0,0,0,0,0.002435249222508907,0.003655742070297929,0.005155422644507358,0.00682982534424901,0.008499854973448386,0.009937337239224112,0.01091402982406744,0.01126047832023017,0.01091402982406744,0.009937337239224112,0.008499854973448386,0.00682982534424901,0.005155422644507358,0.003655742070297929,0.002435249222508907,0,0,0,0,0,0,0,0,0,0,0,0,0,0,0,0,0,0,0,0,0,0,0,0,0,0,0,0,0,0,0,0,0,0,0,0,0,0,0,0,0,0,0,0,0,0,0,0,0,0,0,0,0,0,0,0,0,0,0,0,0,0.002149099895885654,0.003226181053686119,0.004549644515292227,0.00602729971149352,0.007501095686486469,0.008769669333553833,0.009631597514455409,0.009937337239224112,0.009631597514455409,0.01112999381424214,0.01104436239769258,0.01102410667632197,0.01116933822460721,0.01146452298218134,0.01178069741034106,0.01057824042755217,0.01091402982406744,0.01057824042755217,0.009631597514455409,0.00823834192849522,0.006619693709314979,0.004996806964828454
0,0,0,0,0,0,0,0,0,0,0,0,0,0,0,0,0,0,0,0,0,0.000526659579378242,0.0007906096687200192,0.001114938338292962,0.001477053317493005,0.001838222553862663,0.002149099895885654,0.002360324480688309,0.002435249222508907,0.002360324480688309,0.002149099895885654,0.001838222553862663,0.001477053317493005,0.001114938338292962,0.0007906096687200192,0.000526659579378242,0,0,0,0,0,0,0,0,0,0,0,0,0,0,0,0,0,0,0,0,0,0,0,0,0,0,0,0,0,0,0,0,0,0,0,0,0,0,0,0,0,0,0,0,0,0,0,0,0,0,0,0,0,0,0,0,0,0,0,0,0,0,0,0,0,0,0,0,0,0,0,0,0,0,0,0,0,0,0,0,0,0,0,0,0,0,0,0,0,0,0,0,0,0,0,0,0,0,0,0,0,0,0,0,0,0,0,0,0,0,0,0,0,0,0,0,0,0,0,0,0,0,0.002360324480688309,0.003543266711206109,0.004996806964828454,0.006619693709314979,0.00823834192849522,0.009631597514455409,0.01057824042755217,0.01091402982406744,0.01057824042755217,0.009631597514455409,0.00823834192849522,0.006619693709314979,0.004996806964828454,0.003543266711206109,0.002360324480688309,0,0,0,0,0,0,0,0,0,0,0,0,0,0,0,0,0,0,0,0,0,0,0,0,0,0,0,0,0,0,0,0,0,0,0,0,0,0,0,0,0,0,0,0,0,0,0,0,0,0.000526659579378242,0.0007906096687200192,0.001114938338292962,0.001477053317493005,0.001838222553862663,0.002149099895885654,0.002360324480688309,0.002435249222508907,0.002360324480688309,0.002149099895885654,0.001838222553862663,0.001477053317493005,0.002953160892155625,0.003550108558038178,0.004418176756443292,0.005155422644507358,0.006416027145122064,0.007501095686486469,0.00823834192849522,0.008499854973448386,0.00823834192849522,0.009650195582372123,0.009642208198808183,0.009705067159799585,0.009918816888558571,0.01026059457580463,0.0106078918874165,0.009631597514455409,0.009937337239224112,0.009631597514455409,0.008769669333553833,0.007501095686486469,0.00602729971149352,0.004549644515292227
0,0,0,0,0,0,0,0,0,0,0,0,0,0,0,0,0,0,0,0,0,0.0007906096687200192,0.001186845683147944,0.001673720681814422,0.002217319649637031,0.002759498889318159,0.003226181053686119,0.003543266711206109,0.003655742070297929,0.003543266711206109,0.003226181053686119,0.002759498889318159,0.002217319649637031,0.001673720681814422,0.001186845683147944,0.0007906096687200192,0,0,0,0,0,0,0,0,0,0,0,0,0,0,0,0,0,0,0,0,0,0,0,0,0,0,0,0,0,0,0,0,0,0,0,0,0,0,0,0,0,0,0,0,0,0,0,0,0,0,0,0,0,0,0,0,0,0,0,0,0,0,0,0,0,0,0,0,0,0,0,0,0,0,0,0,0,0,0,0,0,0,0,0,0,0,0,0,0,0,0,0,0,0,0,0,0,0,0,0,0,0,0,0,0,0,0,0,0,0,0,0,0,0,0,0,0,0,0,0,0,0,0.002149099895885654,0.003226181053686119,0.004549644515292227,0.00602729971149352,0.007501095686486469,0.008769669333553833,0.009631597514455409,0.009937337239224112,0.009631597514455409,0.008769669333553833,0.007501095686486469,0.00602729971149352,0.004549644515292227,0.003226181053686119,0.002149099895885654,0,0,0,0,0,0,0,0,0,0,0,0,0,0,0,0,0,0,0,0,0,0,0,0,0,0,0,0,0,0,0,0,0,0,0,0,0,0,0,0,0,0,0,0,0,0,0,0,0,0.0007906096687200192,0.001186845683147944,0.001673720681814422,0.002217319649637031,0.002759498889318159,0.003226181053686119,0.003543266711206109,0.003655742070297929,0.003543266711206109,0.003226181053686119,0.002759498889318159,0.002217319649637031,0.003150773999307427,0.003404165332784976,0.003917531566390516,0.004142498471769416,0.005155422644507358,0.00602729971149352,0.006619693709314979,0.00682982534424901,0.006619693709314979,0.007865522265356183,0.007914921533825517,0.008034015648834466,0.008282344542177855,0.008633346794759095,0.008978149003979474,0.00823834192849522,0.008499854973448386,0.00823834192849522,0.007501095686486469,0.006416027145122064,0.005155422644507358,0.00389151717706505
0,0,0,0,0,0,0,0,0,0,0,0,0,0,0,0,0,0,0,0,0,0.001114938338292962,0.001673720681814422,0.002360324480688309,0.003126921897670497,0.00389151717706505,0.004549644515292227,0.004996806964828454,0.005155422644507358,0.004996806964828454,0.004549644515292227,0.00389151717706505,0.003126921897670497,0.002360324480688309,0.001673720681814422,0.001114938338292962,0,0,0,0,0,0,0,0,0,0,0,0,0,0,0,0,0,0,0,0,0,0,0,0,0,0,0,0,0,0,0,0,0,0,0,0,0,0,0,0,0,0,0,0,0,0,0,0,0,0,0,0,0,0,0,0,0,0,0,0,0,0,0,0,0,0,0,0,0,0,0,0,0,0,0,0,0,0,0,0,0,0,0,0,0,0,0,0,0,0,0,0,0,0,0,0,0,0,0,0,0,0,0,0,0,0,0,0,0,0,0,0,0,0,0,0,0,0,0,0,0,0,0.001838222553862663,0.002759498889318159,0.00389151717706505,0.005155422644507358,0.006416027145122064,0.007501095686486469,0.00823834192849522,0.008499854973448386,0.00823834192849522,0.007501095686486469,0.006416027145122064,0.005155422644507358,0.00389151717706505,0.002759498889318159,0.001838222553862663,0,0,0,0,0,0,0,0,0,0,0,0,0,0,0,0,0,0,0,0,0,0,0,0,0,0,0,0,0,0,0,0,0,0,0,0,0,0,0,0,0,0,0,0,0,0,0,0,0,0.001114938338292962,0.001673720681814422,0.002360324480688309,0.003126921897670497,0.00389151717706505,0.004549644515292227,0.004996806964828454,0.005155422644507358,0.004996806964828454,0.004549644515292227,0.00389151717706505,0.003126921897670497,0.003475262818981272,0.003347441363628844,0.003475262818981272,0.003126921897670497,0.00389151717706505,0.004549644515292227,0.004996806964828454,0.005155422644507358,0.004996806964828454,0.006026697832785232,0.006108836826702081,0.006253843795340994,0.006502822952457726,0.00682914332632178,0.007142238049786483,0.006619693709314979,0.00682982534424901,0.006619693709314979,0.00602729971149352,0.005155422644507358,0.004142498471769416,0.003126921897670497
0,0,0,0,0,0,0,0,0,0,0,0,0,0,0,0,0,0,0,0,0,0.001477053317493005,0.002217319649637031,0.003126921897670497,0.004142498471769416,0.005155422644507358,0.00602729971149352,0.006619693709314979,0.00682982534424901,0.006619693709314979,0.00602729971149352,0.005155422644507358,0.004142498471769416,0.003126921897670497,0.002217319649637031,0.001477053317493005,0,0,0,0,0,0,0,0,0,0,0,0,0,0,0,0,0,0,0,0,0,0,0,0,0,0,0,0,0,0,0,0,0,0,0,0,0,0,0,0,0,0,0,0,0,0,0,0,0,0,0,0,0,0,0,0,0,0,0,0,0,0,0,0,0,0,0,0,0,0,0,0,0,0,0,0,0,0,0,0,0,0,0,0,0,0,0,0,0,0,0,0,0,0,0,0,0,0,0,0,0,0,0,0,0,0,0,0,0,0,0,0,0,0,0,0,0,0,0,0,0,0,0.001477053317493005,0.002217319649637031,0.003126921897670497,0.004142498471769416,0.005155422644507358,0.00602729971149352,0.006619693709314979,0.00682982534424901,0.006619693709314979,0.00602729971149352,0.005155422644507358,0.004142498471769416,0.003126921897670497,0.002217319649637031,0.001477053317493005,0,0,0,0,0,0,0,0,0,0,0,0,0,0,0,0,0,0,0,0,0,0,0,0,0,0,0,0,0,0,0,0,0,0,0,0,0,0,0,0,0,0,0,0,0,0,0,0,0,0.001477053317493005,0.002217319649637031,0.003126921897670497,0.004142498471769416,0.005155422644507358,0.00602729971149352,0.006619693709314979,0.00682982534424901,0.006619693709314979,0.00602729971149352,0.005155422644507358,0.004142498471769416,0.003917531566390516,0.003404165332784976,0.003150773999307427,0.002217319649637031,0.002759498889318159,0.003226181053686119,0.003543266711206109,0.003655742070297929,0.003543266711206109,0.004341119391979081,0.004433219571132581,0.004577644130325341,0.004800642579484919,0.005078362860212994,0.005340254184012246,0.004996806964828454,0.005155422644507358,0.004996806964828454,0.004549644515292227,0.00389151717706505,0.003126921897670497,0.002360324480688309
0,0,0,0,0,0,0,0,0,0,0,0,0,0,0,0,0,0,0,0,0,0.001838222553862663,0.002759498889318159,0.00389151717706505,0.005155422644507358,0.006416027145122064,0.007501095686486469,0.00823834192849522,0.008499854973448386,0.00823834192849522,0.007501095686486469,0.006416027145122064,0.005155422644507358,0.00389151717706505,0.002759498889318159,0.001838222553862663,0,0,0,0,0,0,0,0,0,0,0,0,0,0,0,0,0,0,0,0,0,0,0,0,0,0,0,0,0,0,0,0,0,0,0,0,0,0,0,0,0,0,0,0,0,0,0,0,0,0,0,0,0,0,0,0,0,0,0,0,0,0,0,0,0,0,0,0,0,0,0,0,0,0,0,0,0,0,0,0,0,0,0,0,0,0,0,0,0,0,0,0,0,0,0,0,0,0,0,0,0,0,0,0,0,0,0,0,0,0,0,0,0,0,0,0,0,0,0,0,0,0,0.001114938338292962,0.001673720681814422,0.002360324480688309,0.003126921897670497,0.00389151717706505,0.004549644515292227,0.004996806964828454,0.005155422644507358,0.004996806964828454,0.004549644515292227,0.00389151717706505,0.003126921897670497,0.002360324480688309,0.001673720681814422,0.001114938338292962,0,0,0,0,0,0,0,0,0,0,0,0,0,0,0,0,0,0,0,0,0,0,0,0,0,0,0,0,0,0,0,0,0,0,0,0,0,0,0,0,0,0,0,0,0,0,0,0,0,0.001838222553862663,0.002759498889318159,0.00389151717706505,0.005155422644507358,0.006416027145122064,0.007501095686486469,0.00823834192849522,0.008499854973448386,0.00823834192849522,0.007501095686486469,0.006416027145122064,0.005155422644507358,0.004418176756443292,0.003550108558038178,0.002953160892155625,0.001477053317493005,0.001838222553862663,0.002149099895885654,0.002360324480688309,0.002435249222508907,0.002360324480688309,0.002939709564605673,0.003025068237010607,0.003150773999307427,0.003332257987929994,0.003550108558038178,0.003752840633064361,0.003543266711206109,0.003655742070297929,0.003543266711206109,0.003226181053686119,0.002759498889318159,0.002217319649637031,0.001673720681814422
0.002149099895885654,0.001838222553862663,0.001477053317493005,0.001114938338292962,0.0007906096687200192,0.000526659579378242,0,0,0,0,0,0,0,0,0,0,0,0,0,0,0,0.002149099895885654,0.003226181053686119,0.004549644515292227,0.00602729971149352,0.007501095686486469,0.008769669333553833,0.009631597514455409,0.009937337239224112,0.009631597514455409,0.008769669333553833,0.007501095686486469,0.00602729971149352,0.004549644515292227,0.003226181053686119,0.002149099895885654,0,0,0,0,0,0,0,0,0,0,0,0,0,0,0,0,0,0,0,0,0,0,0,0,0,0,0,0,0,0,0,0,0,0,0,0,0,0,0,0,0,0,0,0,0,0,0,0,0,0,0,0,0,0,0,0,0,0,0,0,0,0,0,0,0,0,0,0,0,0,0,0,0,0,0,0,0,0,0,0,0,0,0,0,0,0,0,0,0,0,0,0,0,0,0,0,0,0,0,0,0,0,0,0,0,0,0,0,0,0,0,0,0,0,0,0,0,0,0,0,0,0,0.0007906096687200192,0.001186845683147944,0.001673720681814422,0.002217319649637031,0.002759498889318159,0.003226181053686119,0.003543266711206109,0.003655742070297929,0.003543266711206109,0.003226181053686119,0.002759498889318159,0.002217319649637031,0.001673720681814422,0.001186845683147944,0.0007906096687200192,0,0,0,0,0,0,0,0,0,0,0,0,0,0,0,0,0,0,0,0,0,0,0,0,0,0,0,0,0,0,0,0,0,0,0,0,0,0,0,0,0,0,0,0,0,0,0,0,0,0.002149099895885654,0.003226181053686119,0.004549644515292227,0.00602729971149352,0.007501095686486469,0.008769669333553833,0.009631597514455409,0.009937337239224112,0.009631597514455409,0.008769669333553833,0.007501095686486469,0.00602729971149352,0.004549644515292227,0.003226181053686119,0.002149099895885654,0,0,0,0,0,0,0.000526659579378242,0.0007906096687200192,0.001114938338292962,0.001477053317493005,0.001838222553862663,0.002149099895885654,0.002360324480688309,0.002435249222508907,0.002360324480688309,0.002149099895885654,0.001838222553862663,0.001477053317493005,0.001114938338292962
0.003226181053686119,0.002759498889318159,0.002217319649637031,0.001673720681814422,0.001186845683147944,0.0007906096687200192,0,0,0,0,0,0,0,0,0,0,0,0,0,0,0,0.002360324480688309,0.003543266711206109,0.004996806964828454,0.006619693709314979,0.00823834192849522,0.009631597514455409,0.01057824042755217,0.01091402982406744,0.01057824042755217,0.009631597514455409,0.00823834192849522,0.006619693709314979,0.004996806964828454,0.003543266711206109,0.002360324480688309,0,0,0,0,0,0,0,0,0,0,0,0,0,0,0,0,0,0,0,0,0,0,0,0,0,0,0,0,0,0,0,0,0,0,0,0,0,0,0,0,0,0,0,0,0,0,0,0,0,0,0,0,0,0,0,0,0,0,0,0,0,0,0,0,0,0,0,0,0,0,0,0,0,0,0,0,0,0,0,0,0,0,0,0,0,0,0,0,0,0,0,0,0,0,0,0,0,0,0,0,0,0,0,0,0,0,0,0,0,0,0,0,0,0,0,0,0,0,0,0,0,0,0.000526659579378242,0.0007906096687200192,0.001114938338292962,0.001477053317493005,0.001838222553862663,0.002149099895885654,0.002360324480688309,0.002435249222508907,0.002360324480688309,0.002149099895885654,0.001838222553862663,0.001477053317493005,0.001114938338292962,0.0007906096687200192,0.000526659579378242,0,0,0,0,0,0,0,0,0,0,0,0,0,0,0,0,0,0,0,0,0,0,0,0,0,0,0,0,0,0,0,0,0,0,0,0,0,0,0,0,0,0,0,0,0,0,0,0,0,0.002360324480688309,0.003543266711206109,0.004996806964828454,0.006619693709314979,0.00823834192849522,0.009631597514455409,0.01057824042755217,0.01091402982406744,0.01057824042755217,0.009631597514455409,0.00823834192849522,0.006619693709314979,0.004996806964828454,0.003543266711206109,0.002360324480688309,0,0,0,0,0,0,0,0,0,0,0,0,0,0,0,0,0,0,0
0.004549644515292227,0.00389151717706505,0.003126921897670497,0.002360324480688309,0.001673720681814422,0.001114938338292962,0,0,0,0,0,0,0,0,0,0,0,0,0,0,0,0.002435249222508907,0.003655742070297929,0.005155422644507358,0.00682982534424901,0.008499854973448386,0.009937337239224112,0.01091402982406744,0.01126047832023017,0.01091402982406744,0.009937337239224112,0.008499854973448386,0.00682982534424901,0.005155422644507358,0.003655742070297929,0.002435249222508907,0,0,0,0,0,0,0,0,0,0,0,0,0,0,0,0,0,0,0,0,0,0,0,0,0,0,0,0,0,0,0,0,0,0,0,0,0,0,0,0,0,0,0,0,0,0,0,0,0,0,0,0,0,0,0,0,0,0,0,0,0,0,0,0,0,0,0,0,0,0,0,0,0,0,0,0,0,0,0,0,0,0,0,0,0,0,0,0,0,0,0,0,0,0,0,0,0,0,0,0,0,0,0,0,0,0,0,0,0,0,0,0,0,0,0,0,0,0,0,0,0,0,0,0,0,0,0,0,0,0,0,0,0,0,0,0,0,0,0,0,0,0,0,0,0,0,0,0,0,0,0,0,0,0,0,0,0,0,0,0,0,0,0,0,0,0,0,0,0,0,0,0,0,0,0,0,0,0,0,0,0,0,0,0,0,0,0.002435249222508907,0.003655742070297929,0.005155422644507358,0.00682982534424901,0.008499854973448386,0.009937337239224112,0.01091402982406744,0.01126047832023017,0.01091402982406744,0.009937337239224112,0.008499854973448386,0.00682982534424901,0.005155422644507358,0.003655742070297929,0.002435249222508907,0,0,0,0,0,0,0,0,0,0,0,0,0,0,0,0,0,0,0
0.00602729971149352,0.005155422644507358,0.004142498471769416,0.003126921897670497,0.002217319649637031,0.001477053317493005,0,0,0,0,0,0,0,0,0,0,0,0,0,0,0,0.002360324480688309,0.003543266711206109,0.004996806964828454,0.006619693709314979,0.00823834192849522,0.009631597514455409,0.01057824042755217,0.01091402982406744,0.01057824042755217,0.009631597514455409,0.00823834192849522,0.006619693709314979,0.004996806964828454,0.003543266711206109,0.002360324480688309,0,0,0,0,0,0,0,0,0,0,0,0,0,0,0,0,0,0,0,0,0,0,0,0,0,0,0,0,0,0,0,0,0,0,0,0,0,0,0,0,0,0,0,0,0,0,0,0,0,0,0,0,0,0,0,0,0,0,0,0,0,0,0,0,0,0,0,0,0,0,0,0,0,0,0,0,0,0,0,0,0,0,0,0,0,0,0,0,0,0,0,0,0,0,0,0,0,0,0,0,0,0,0,0,0,0,0,0,0,0,0,0,0,0,0,0,0,0,0,0,0,0,0,0,0,0,0,0,0,0,0,0,0,0,0,0,0,0,0,0,0,0,0,0,0,0,0,0,0,0,0,0,0,0,0,0,0,0,0,0,0,0,0,0,0,0,0,0,0,0,0,0,0,0,0,0,0,0,0,0,0,0,0,0,0,0,0.002360324480688309,0.003543266711206109,0.004996806964828454,0.006619693709314979,0.00823834192849522,0.009631597514455409,0.01057824042755217,0.01091402982406744,0.01057824042755217,0.009631597514455409,0.00823834192849522,0.006619693709314979,0.004996806964828454,0.003543266711206109,0.002360324480688309,0,0,0,0,0,0,0,0,0,0,0,0,0,0,0,0,0,0,0
0.007501095686486469,0.006416027145122064,0.005155422644507358,0.00389151717706505,0.002759498889318159,0.001838222553862663,0,0,0,0,0,0,0,0,0,0,0,0,0,0,0,0.002149099895885654,0.003226181053686119,0.004549644515292227,0.00602729971149352,0.007501095686486469,0.008769669333553833,0.009631597514455409,0.009937337239224112,0.009631597514455409,0.008769669333553833,0.007501095686486469,0.00602729971149352,0.004549644515292227,0.003226181053686119,0.002149099895885654,0,0,0,0,0,0,0,0,0,0,0,0,0,0,0,0,0,0,0,0,0,0,0,0,0,0,0,0,0,0,0,0,0,0,0,0,0,0,0,0,0,0,0,0,0,0,0,0,0,0,0,0,0,0,0,0,0,0,0,0,0,0,0,0,0,0,0,0,0,0,0,0,0,0,0,0,0,0,0,0,0,0,0,0,0,0,0,0,0,0,0,0,0,0,0,0,0,0,0,0,0,0,0,0,0,0,0,0,0,0,0,0,0,0,0,0,0,0,0,0,0,0,0,0,0,0,0,0,0,0,0,0,0,0,0,0,0,0,0,0,0,0,0,0,0,0,0,0,0,0,0,0,0,0,0,0,0,0,0,0,0,0,0,0,0,0,0,0,0,0,0,0,0,0,0,0,0,0,0,0,0,0,0,0,0,0,0.002149099895885654,0.003226181053686119,0.004549644515292227,0.00602729971149352,0.007501095686486469,0.008769669333553833,0.009631597514455409,0.009937337239224112,0.009631597514455409,0.008769669333553833,0.007501095686486469,0.00602729971149352,0.004549644515292227,0.003226181053686119,0.002149099895885654,0,0,0,0,0,0,0,0,0,0,0,0,0,0,0,0,0,0,0
0.008769669333553833,0.007501095686486469,0.00602729971149352,0.004549644515292227,0.003226181053686119,0.002149099895885654,0,0,0,0,0,0,0,0,0,0,0,0,0,0,0,0.001838222553862663,0.002759498889318159,0.00389151717706505,0.005155422644507358,0.006416027145122064,0.007501095686486469,0.00823834192849522,0.008499854973448386,0.00823834192849522,0.007501095686486469,0.006416027145122064,0.005155422644507358,0.00389151717706505,0.002759498889318159,0.001838222553862663,0,0,0,0,0,0,0,0,0,0,0,0,0,0,0,0,0,0,0,0,0,0,0,0,0,0,0,0,0,0,0,0,0,0,0,0,0,0,0,0,0,0,0,0,0,0,0,0,0,0,0,0,0,0,0,0,0,0,0,0,0,0,0,0,0,0,0,0,0,0,0,0,0,0,0,0,0,0,0,0,0,0,0,0,0,0,0,0,0,0,0,0,0,0,0,0,0,0,0,0,0,0,0,0,0,0,0,0,0,0,0,0,0,0,0,0,0,0,0,0,0,0,0,0,0,0,0,0,0,0,0,0,0,0,0,0,0,0,0,0,0,0,0,0,0,0,0,0,0,0,0,0,0,0,0,0,0,0,0,0,0,0,0,0,0,0,0,0,0,0,0,0,0,0,0,0,0,0,0,0,0,0,0,0,0,0,0.001838222553862663,0.002759498889318159,0.00389151717706505,0.005155422644507358,0.006416027145122064,0.007501095686486469,0.00823834192849522,0.008499854973448386,0.00823834192849522,0.007501095686486469,0.006416027145122064,0.005155422644507358,0.00389151717706505,0.002759498889318159,0.001838222553862663,0,0,0,0,0,0,0,0,0.000526659579378242,0.0007906096687200192,0.001114938338292962,0.001477053317493005,0.001838222553862663,0.002149099895885654,0.002360324480688309,0.002435249222508907,0.002360324480688309,0.002149099895885654,0.001838222553862663
0.009631597514455409,0.00823834192849522,0.006619693709314979,0.004996806964828454,0.003543266711206109,0.002360324480688309,0,0,0,0,0,0,0,0,0,0,0,0,0,0,0,0.001477053317493005,0.002217319649637031,0.003126921897670497,0.004142498471769416,0.005155422644507358,0.00602729971149352,0.006619693709314979,0.00682982534424901,0.006619693709314979,0.00602729971149352,0.005155422644507358,0.004142498471769416,0.003126921897670497,0.002217319649637031,0.001477053317493005,0,0,0,0,0,0,0,0,0,0,0,0,0,0,0,0,0,0,0,0,0,0,0,0,0,0,0,0,0,0,0,0,0,0,0,0,0,0,0,0,0,0,0,0,0,0,0,0,0,0,0,0,0,0,0,0,0,0,0,0,0,0,0,0,0,0,0,0,0,0,0,0,0,0,0,0,0,0,0,0,0,0,0,0,0,0,0,0,0,0,0,0,0,0,0,0,0,0,0,0,0,0,0,0,0,0,0,0,0,0,0,0,0,0,0,0,0,0,0,0,0,0,0,0,0,0,0,0,0,0,0,0,0,0,0,0,0,0,0,0,0,0,0,0,0,0,0,0,0,0,0,0,0,0,0,0,0,0,0,0,0,0,0,0,0,0,0,0,0,0,0,0,0,0,0,0,0,0,0,0,0,0,0,0,0,0,0.001477053317493005,0.002217319649637031,0.003126921897670497,0.004142498471769416,0.005155422644507358,0.00602729971149352,0.006619693709314979,0.00682982534424901,0.006619693709314979,0.00602729971149352,0.005155422644507358,0.004142498471769416,0.003126921897670497,0.002217319649637031,0.001477053317493005,0,0,0,0,0,0,0,0,0.0007906096687200192,0.001186845683147944,0.001673720681814422,0.002217319649637031,0.002759498889318159,0.003226181053686119,0.003543266711206109,0.003655742070297929,0.003543266711206109,0.003226181053686119,0.002759498889318159
0.009937337239224112,0.008499854973448386,0.00682982534424901,0.005155422644507358,0.003655742070297929,0.002435249222508907,0,0,0,0,0,0,0,0,0,0,0,0,0,0,0,0.001114938338292962,0.001673720681814422,0.002360324480688309,0.003126921897670497,0.00389151717706505,0.004549644515292227,0.004996806964828454,0.005155422644507358,0.004996806964828454,0.004549644515292227,0.00389151717706505,0.003126921897670497,0.002360324480688309,0.001673720681814422,0.001114938338292962,0,0,0,0,0,0,0,0,0,0,0,0,0,0,0,0,0,0,0,0,0,0,0,0,0,0,0,0,0,0,0,0,0,0,0,0,0,0,0,0,0,0,0,0,0,0,0,0,0,0,0,0,0,0,0,0,0,0,0,0,0,0,0,0,0,0,0,0,0,0,0,0,0,0,0,0,0,0,0,0,0,0,0,0,0,0,0,0,0,0,0,0,0,0,0,0,0,0,0,0,0,0,0,0,0,0,0,0,0,0,0,0,0,0,0,0,0,0,0,0,0,0,0,0,0,0,0,0,0,0,0,0,0,0,0,0,0,0,0,0,0,0,0,0,0,0,0,0,0,0,0,0,0,0,0,0,0,0,0,0,0,0,0,0,0,0,0,0,0,0,0,0,0,0,0,0,0,0,0,0,0,0,0,0,0,0,0.001114938338292962,0.001673720681814422,0.002360324480688309,0.003126921897670497,0.00389151717706505,0.004549644515292227,0.004996806964828454,0.005155422644507358,0.004996806964828454,0.004549644515292227,0.00389151717706505,0.003126921897670497,0.002360324480688309,0.001673720681814422,0.001114938338292962,0,0,0,0,0,0,0,0,0.001114938338292962,0.001673720681814422,0.002360324480688309,0.003126921897670497,0.00389151717706505,0.004549644515292227,0.004996806964828454,0.005155422644507358,0.004996806964828454,0.004549644515292227,0.00389151717706505
0.009631597514455409,0.00823834192849522,0.006619693709314979,0.004996806964828454,0.003543266711206109,0.002360324480688309,0,0,0,0,0,0,0,0,0,0,0,0,0,0,0,0.0007906096687200192,0.001186845683147944,0.001673720681814422,0.002217319649637031,0.002759498889318159,0.003226181053686119,0.003543266711206109,0.003655742070297929,0.003543266711206109,0.003226181053686119,0.002759498889318159,0.002217319649637031,0.001673720681814422,0.001186845683147944,0.0007906096687200192,0,0,0,0,0,0,0,0,0,0,0,0,0,0,0,0,0,0,0,0,0,0,0,0,0,0,0,0,0,0,0,0,0,0,0,0,0,0,0,0,0,0,0,0,0,0,0,0,0,0,0,0,0,0,0,0,0,0,0,0,0,0,0,0,0,0,0,0,0,0,0,0,0,0,0,0,0,0,0,0,0,0,0,0,0,0,0,0,0,0,0,0,0,0,0,0,0,0,0,0,0,0,0,0,0,0,0,0,0,0,0,0,0,0,0,0,0,0,0,0,0,0,0,0,0,0,0,0,0,0,0,0,0,0,0,0,0,0,0,0,0,0,0,0,0,0,0,0,0,0,0,0,0,0,0,0,0,0,0,0,0,0,0,0,0,0,0,0,0,0,0,0,0,0,0,0,0,0,0,0,0,0,0,0,0,0,0.0007906096687200192,0.001186845683147944,0.001673720681814422,0.002217319649637031,0.002759498889318159,0.003226181053686119,0.003543266711206109,0.003655742070297929,0.003543266711206109,0.003226181053686119,0.002759498889318159,0.002217319649637031,0.001673720681814422,0.001186845683147944,0.0007906096687200192,0,0,0,0,0,0,0,0,0.001477053317493005,0.002217319649637031,0.003126921897670497,0.004142498471769416,0.005155422644507358,0.00602729971149352,0.006619693709314979,0.00682982534424901,0.006619693709314979,0.00602729971149352,0.005155422644507358
