0.000000000000000000e+00,0.000000000000000000e+00,0.000000000000000000e+00,0.000000000000000000e+00,0.000000000000000000e+00,0.000000000000000000e+00,1.645603437999001301e-02,8.219232269616384701e-02,1.223264133025166595e-01,9.560577617449965426e-02,4.955144982115822216e-02,2.411069301952448521e-02,2.432207586391223371e-03,0.000000000000000000e+00,0.000000000000000000e+00,0.000000000000000000e+00,0.000000000000000000e+00,1.957096655177704633e-02,9.775035474254185897e-02,1.382464567866137639e-01,7.756695880040004321e-02,7.689334843792605678e-02,1.551758195198303936e-01,1.382464567866137362e-01,4.297213571562392975e-02,0.000000000000000000e+00,2.432207586391223371e-03,2.411069301952448868e-02,4.297213571562394363e-02,3.038444245070610200e-02,6.083383620073608278e-03,0.000000000000000000e+00,0.000000000000000000e+00,0.000000000000000000e+00,0.000000000000000000e+00,0.000000000000000000e+00,0.000000000000000000e+00,0.000000000000000000e+00,0.000000000000000000e+00,0.000000000000000000e+00,0.000000000000000000e+00,0.000000000000000000e+00,0.000000000000000000e+00,0.000000000000000000e+00,0.000000000000000000e+00,9.777756587203643643e-03,4.883658517614689054e-02,6.906864818999641775e-02
0.000000000000000000e+00,0.000000000000000000e+00,0.000000000000000000e+00,0.000000000000000000e+00,0.000000000000000000e+00,0.000000000000000000e+00,2.327345462616744673e-02,1.162430296824430304e-01,1.644002931965323211e-01,9.224128462715054655e-02,9.304998079771179334e-03,0.000000000000000000e+00,0.000000000000000000e+00,0.000000000000000000e+00,0.000000000000000000e+00,0.000000000000000000e+00,0.000000000000000000e+00,2.196758487745385097e-02,1.097206522185298905e-01,1.551758195198303936e-01,8.706564116931841957e-02,4.753575183605432408e-02,8.706564116931840569e-02,7.756695880040002933e-02,2.411069301952447827e-02,0.000000000000000000e+00,0.000000000000000000e+00,0.000000000000000000e+00,0.000000000000000000e+00,0.000000000000000000e+00,0.000000000000000000e+00,0.000000000000000000e+00,0.000000000000000000e+00,0.000000000000000000e+00,0.000000000000000000e+00,0.000000000000000000e+00,0.000000000000000000e+00,0.000000000000000000e+00,0.000000000000000000e+00,0.000000000000000000e+00,0.000000000000000000e+00,0.000000000000000000e+00,0.000000000000000000e+00,0.000000000000000000e+00,0.000000000000000000e+00,2.196758487745385097e-02,1.097206522185299321e-01,1.551758195198304213e-01
0.000000000000000000e+00,0.000000000000000000e+00,0.000000000000000000e+00,0.000000000000000000e+00,0.000000000000000000e+00,0.000000000000000000e+00,1.305820878228620627e-02,6.522133372379353144e-02,9.224128462715056043e-02,5.175449766075276847e-02,5.220823878368648953e-03,0.000000000000000000e+00,0.000000000000000000e+00,0.000000000000000000e+00,0.000000000000000000e+00,0.000000000000000000e+00,0.000000000000000000e+00,9.777756587203643643e-03,4.883658517614689054e-02,6.906864818999643163e-02,3.875285568310878753e-02,7.818521807768454707e-03,8.782896152945533080e-03,7.824700247929630356e-03,2.432207586391223371e-03,0.000000000000000000e+00,0.000000000000000000e+00,0.000000000000000000e+00,0.000000000000000000e+00,0.000000000000000000e+00,0.000000000000000000e+00,0.000000000000000000e+00,0.000000000000000000e+00,0.000000000000000000e+00,0.000000000000000000e+00,0.000000000000000000e+00,0.000000000000000000e+00,0.000000000000000000e+00,0.000000000000000000e+00,0.000000000000000000e+00,0.000000000000000000e+00,0.000000000000000000e+00,0.000000000000000000e+00,0.000000000000000000e+00,0.000000000000000000e+00,1.957096655177704980e-02,1.089827218634111528e-01,1.743823138932470151e-01
0.000000000000000000e+00,9.777756587203643643e-03,5.274584608003111963e-02,1.078215038731052122e-01,1.078215038731052122e-01,5.274584608003111963e-02,1.109502583530190371e-02,6.579314105534283738e-03,9.304998079771179334e-03,5.220823878368648953e-03,5.266595793782419569e-04,0.000000000000000000e+00,0.000000000000000000e+00,0.000000000000000000e+00,0.000000000000000000e+00,0.000000000000000000e+00,0.000000000000000000e+00,0.000000000000000000e+00,0.000000000000000000e+00,0.000000000000000000e+00,0.000000000000000000e+00,0.000000000000000000e+00,0.000000000000000000e+00,0.000000000000000000e+00,0.000000000000000000e+00,0.000000000000000000e+00,0.000000000000000000e+00,0.000000000000000000e+00,0.000000000000000000e+00,0.000000000000000000e+00,0.000000000000000000e+00,0.000000000000000000e+00,0.000000000000000000e+00,0.000000000000000000e+00,0.000000000000000000e+00,0.000000000000000000e+00,0.000000000000000000e+00,0.000000000000000000e+00,0.000000000000000000e+00,0.000000000000000000e+00,0.000000000000000000e+00,0.000000000000000000e+00,0.000000000000000000e+00,0.000000000000000000e+00,0.000000000000000000e+00,6.083383620073608278e-03,6.652029955733938793e-02,1.592254734831273499e-01
0.000000000000000000e+00,2.196758487745385097e-02,1.185035483714754617e-01,2.422414606891488131e-01,2.422414606891487576e-01,1.185035483714754617e-01,2.196758487745385097e-02,0.000000000000000000e+00,0.000000000000000000e+00,0.000000000000000000e+00,0.000000000000000000e+00,0.000000000000000000e+00,0.000000000000000000e+00,0.000000000000000000e+00,0.000000000000000000e+00,0.000000000000000000e+00,0.000000000000000000e+00,0.000000000000000000e+00,0.000000000000000000e+00,0.000000000000000000e+00,0.000000000000000000e+00,0.000000000000000000e+00,0.000000000000000000e+00,0.000000000000000000e+00,0.000000000000000000e+00,0.000000000000000000e+00,0.000000000000000000e+00,0.000000000000000000e+00,0.000000000000000000e+00,0.000000000000000000e+00,0.000000000000000000e+00,0.000000000000000000e+00,0.000000000000000000e+00,0.000000000000000000e+00,0.000000000000000000e+00,0.000000000000000000e+00,0.000000000000000000e+00,0.000000000000000000e+00,0.000000000000000000e+00,0.000000000000000000e+00,0.000000000000000000e+00,0.000000000000000000e+00,0.000000000000000000e+00,0.000000000000000000e+00,0.000000000000000000e+00,0.000000000000000000e+00,4.056097617914693892e-02,1.304894706114070324e-01
0.000000000000000000e+00,1.957096655177704980e-02,1.055750549904714564e-01,2.158134155870137794e-01,2.158134155870137516e-01,1.055750549904714702e-01,1.957096655177705327e-02,0.000000000000000000e+00,0.000000000000000000e+00,0.000000000000000000e+00,0.000000000000000000e+00,0.000000000000000000e+00,0.000000000000000000e+00,0.000000000000000000e+00,0.000000000000000000e+00,0.000000000000000000e+00,0.000000000000000000e+00,0.000000000000000000e+00,0.000000000000000000e+00,0.000000000000000000e+00,0.000000000000000000e+00,0.000000000000000000e+00,0.000000000000000000e+00,0.000000000000000000e+00,0.000000000000000000e+00,0.000000000000000000e+00,0.000000000000000000e+00,0.000000000000000000e+00,0.000000000000000000e+00,0.000000000000000000e+00,0.000000000000000000e+00,0.000000000000000000e+00,0.000000000000000000e+00,0.000000000000000000e+00,0.000000000000000000e+00,0.000000000000000000e+00,0.000000000000000000e+00,0.000000000000000000e+00,0.000000000000000000e+00,0.000000000000000000e+00,0.000000000000000000e+00,0.000000000000000000e+00,0.000000000000000000e+00,0.000000000000000000e+00,0.000000000000000000e+00,0.000000000000000000e+00,1.805366198566983604e-02,5.808077164371855394e-02
0.000000000000000000e+00,6.083383620073608278e-03,3.281665003709732104e-02,6.708282873514841149e-02,6.708282873514842537e-02,3.281665003709732104e-02,6.083383620073608278e-03,0.000000000000000000e+00,0.000000000000000000e+00,0.000000000000000000e+00,0.000000000000000000e+00,0.000000000000000000e+00,0.000000000000000000e+00,0.000000000000000000e+00,0.000000000000000000e+00,0.000000000000000000e+00,0.000000000000000000e+00,0.000000000000000000e+00,0.000000000000000000e+00,0.000000000000000000e+00,0.000000000000000000e+00,0.000000000000000000e+00,0.000000000000000000e+00,0.000000000000000000e+00,0.000000000000000000e+00,0.000000000000000000e+00,0.000000000000000000e+00,0.000000000000000000e+00,0.000000000000000000e+00,0.000000000000000000e+00,0.000000000000000000e+00,0.000000000000000000e+00,0.000000000000000000e+00,0.000000000000000000e+00,0.000000000000000000e+00,0.000000000000000000e+00,0.000000000000000000e+00,0.000000000000000000e+00,0.000000000000000000e+00,0.000000000000000000e+00,0.000000000000000000e+00,0.000000000000000000e+00,0.000000000000000000e+00,0.000000000000000000e+00,0.000000000000000000e+00,0.000000000000000000e+00,0.000000000000000000e+00,0.000000000000000000e+00
0.000000000000000000e+00,0.000000000000000000e+00,1.317269248098261155e-03,6.579314105534283738e-03,9.304998079771179334e-03,5.220823878368648953e-03,5.266595793782419569e-04,0.000000000000000000e+00,0.000000000000000000e+00,0.000000000000000000e+00,6.083383620073608278e-03,1.957096655177704980e-02,2.196758487745385097e-02,9.777756587203645378e-03,0.000000000000000000e+00,0.000000000000000000e+00,0.000000000000000000e+00,0.000000000000000000e+00,0.000000000000000000e+00,0.000000000000000000e+00,0.000000000000000000e+00,0.000000000000000000e+00,0.000000000000000000e+00,0.000000000000000000e+00,0.000000000000000000e+00,0.000000000000000000e+00,0.000000000000000000e+00,0.000000000000000000e+00,0.000000000000000000e+00,0.000000000000000000e+00,0.000000000000000000e+00,0.000000000000000000e+00,0.000000000000000000e+00,0.000000000000000000e+00,0.000000000000000000e+00,0.000000000000000000e+00,0.000000000000000000e+00,0.000000000000000000e+00,0.000000000000000000e+00,0.000000000000000000e+00,0.000000000000000000e+00,0.000000000000000000e+00,0.000000000000000000e+00,0.000000000000000000e+00,0.000000000000000000e+00,0.000000000000000000e+00,0.000000000000000000e+00,0.000000000000000000e+00
0.000000000000000000e+00,0.000000000000000000e+00,1.305820878228620627e-02,6.522133372379354532e-02,9.224128462715054655e-02,5.175449766075276847e-02,5.220823878368648953e-03,0.000000000000000000e+00,0.000000000000000000e+00,0.000000000000000000e+00,3.038444245070610200e-02,9.775035474254183121e-02,1.097206522185299182e-01,4.883658517614689054e-02,0.000000000000000000e+00,0.000000000000000000e+00,0.000000000000000000e+00,0.000000000000000000e+00,0.000000000000000000e+00,0.000000000000000000e+00,0.000000000000000000e+00,0.000000000000000000e+00,0.000000000000000000e+00,0.000000000000000000e+00,0.000000000000000000e+00,0.000000000000000000e+00,0.000000000000000000e+00,0.000000000000000000e+00,0.000000000000000000e+00,0.000000000000000000e+00,0.000000000000000000e+00,0.000000000000000000e+00,0.000000000000000000e+00,0.000000000000000000e+00,0.000000000000000000e+00,0.000000000000000000e+00,0.000000000000000000e+00,0.000000000000000000e+00,0.000000000000000000e+00,0.000000000000000000e+00,0.000000000000000000e+00,0.000000000000000000e+00,0.000000000000000000e+00,0.000000000000000000e+00,0.000000000000000000e+00,0.000000000000000000e+00,0.000000000000000000e+00,0.000000000000000000e+00
0.000000000000000000e+00,0.000000000000000000e+00,2.327345462616744326e-02,1.162430296824430442e-01,1.644002931965323211e-01,9.224128462715054655e-02,9.304998079771179334e-03,0.000000000000000000e+00,0.000000000000000000e+00,0.000000000000000000e+00,4.297213571562392975e-02,1.382464567866137362e-01,1.551758195198304213e-01,6.906864818999643163e-02,0.000000000000000000e+00,0.000000000000000000e+00,0.000000000000000000e+00,0.000000000000000000e+00,0.000000000000000000e+00,0.000000000000000000e+00,0.000000000000000000e+00,5.266595793782419569e-04,5.220823878368648953e-03,9.304998079771179334e-03,6.579314105534283738e-03,1.317269248098261155e-03,0.000000000000000000e+00,0.000000000000000000e+00,0.000000000000000000e+00,0.000000000000000000e+00,0.000000000000000000e+00,0.000000000000000000e+00,0.000000000000000000e+00,0.000000000000000000e+00,9.777756587203643643e-03,4.883658517614689054e-02,6.906864818999641775e-02,3.875285568310878753e-02,3.909260903884228221e-03,0.000000000000000000e+00,0.000000000000000000e+00,0.000000000000000000e+00,0.000000000000000000e+00,0.000000000000000000e+00,0.000000000000000000e+00,0.000000000000000000e+00,0.000000000000000000e+00,0.000000000000000000e+00
0.000000000000000000e+00,0.000000000000000000e+00,1.645603437999001648e-02,8.219232269616387476e-02,1.162430296824430442e-01,6.522133372379355920e-02,6.579314105534283738e-03,0.000000000000000000e+00,0.000000000000000000e+00,0.000000000000000000e+00,2.411069301952447827e-02,7.756695880040004321e-02,8.706564116931841957e-02,3.875285568310879447e-02,0.000000000000000000e+00,0.000000000000000000e+00,0.000000000000000000e+00,0.000000000000000000e+00,0.000000000000000000e+00,0.000000000000000000e+00,0.000000000000000000e+00,5.220823878368648953e-03,5.175449766075276847e-02,9.224128462715054655e-02,6.522133372379355920e-02,1.305820878228620453e-02,0.000000000000000000e+00,0.000000000000000000e+00,0.000000000000000000e+00,0.000000000000000000e+00,0.000000000000000000e+00,0.000000000000000000e+00,0.000000000000000000e+00,0.000000000000000000e+00,2.196758487745385097e-02,1.097206522185299321e-01,1.551758195198304213e-01,8.706564116931840569e-02,8.782896152945533080e-03,0.000000000000000000e+00,0.000000000000000000e+00,2.901745532223978796e-02,6.519321758871181316e-02,5.808077164371854700e-02,1.805366198566983604e-02,0.000000000000000000e+00,0.000000000000000000e+00,0.000000000000000000e+00
0.000000000000000000e+00,0.000000000000000000e+00,3.294724599966224448e-03,1.645603437999001648e-02,2.327345462616745020e-02,1.305820878228620627e-02,1.317269248098261155e-03,0.000000000000000000e+00,0.000000000000000000e+00,0.000000000000000000e+00,2.432207586391223371e-03,7.824700247929632091e-03,8.782896152945533080e-03,3.909260903884228221e-03,0.000000000000000000e+00,0.000000000000000000e+00,0.000000000000000000e+00,0.000000000000000000e+00,0.000000000000000000e+00,0.000000000000000000e+00,0.000000000000000000e+00,9.304998079771179334e-03,9.224128462715054655e-02,1.644002931965323211e-01,1.162430296824430442e-01,2.327345462616744326e-02,0.000000000000000000e+00,0.000000000000000000e+00,0.000000000000000000e+00,0.000000000000000000e+00,0.000000000000000000e+00,0.000000000000000000e+00,0.000000000000000000e+00,0.000000000000000000e+00,1.957096655177704980e-02,9.775035474254181733e-02,1.382464567866137362e-01,7.756695880040001545e-02,7.824700247929630356e-03,0.000000000000000000e+00,0.000000000000000000e+00,6.519321758871181316e-02,1.464689295588122997e-01,1.304894706114070602e-01,4.056097617914693892e-02,0.000000000000000000e+00,0.000000000000000000e+00,0.000000000000000000e+00
0.000000000000000000e+00,0.000000000000000000e+00,0.000000000000000000e+00,0.000000000000000000e+00,0.000000000000000000e+00,0.000000000000000000e+00,0.000000000000000000e+00,0.000000000000000000e+00,0.000000000000000000e+00,0.000000000000000000e+00,0.000000000000000000e+00,0.000000000000000000e+00,0.000000000000000000e+00,0.000000000000000000e+00,0.000000000000000000e+00,0.000000000000000000e+00,0.000000000000000000e+00,0.000000000000000000e+00,0.000000000000000000e+00,0.000000000000000000e+00,0.000000000000000000e+00,6.579314105534283738e-03,6.522133372379355920e-02,1.162430296824430581e-01,8.219232269616386088e-02,1.645603437999001301e-02,0.000000000000000000e+00,0.000000000000000000e+00,0.000000000000000000e+00,0.000000000000000000e+00,0.000000000000000000e+00,0.000000000000000000e+00,0.000000000000000000e+00,0.000000000000000000e+00,6.083383620073608278e-03,3.038444245070610547e-02,4.297213571562393669e-02,2.411069301952448521e-02,2.432207586391223371e-03,0.000000000000000000e+00,0.000000000000000000e+00,5.808077164371856088e-02,1.365728542314806615e-01,1.466377802182094736e-01,7.910799282225720874e-02,2.411069301952448174e-02,2.432207586391223371e-03,0.000000000000000000e+00
0.000000000000000000e+00,0.000000000000000000e+00,0.000000000000000000e+00,0.000000000000000000e+00,0.000000000000000000e+00,0.000000000000000000e+00,0.000000000000000000e+00,0.000000000000000000e+00,0.000000000000000000e+00,0.000000000000000000e+00,0.000000000000000000e+00,0.000000000000000000e+00,0.000000000000000000e+00,0.000000000000000000e+00,0.000000000000000000e+00,0.000000000000000000e+00,0.000000000000000000e+00,0.000000000000000000e+00,0.000000000000000000e+00,0.000000000000000000e+00,0.000000000000000000e+00,1.317269248098261155e-03,1.305820878228620453e-02,2.327345462616744673e-02,1.645603437999001301e-02,3.294724599966224448e-03,0.000000000000000000e+00,0.000000000000000000e+00,0.000000000000000000e+00,0.000000000000000000e+00,0.000000000000000000e+00,0.000000000000000000e+00,0.000000000000000000e+00,0.000000000000000000e+00,0.000000000000000000e+00,0.000000000000000000e+00,0.000000000000000000e+00,0.000000000000000000e+00,0.000000000000000000e+00,0.000000000000000000e+00,0.000000000000000000e+00,1.805366198566983604e-02,6.013194273092399567e-02,1.338862118491751241e-01,1.494788239074830438e-01,7.756695880040004321e-02,7.824700247929632091e-03,0.000000000000000000e+00
3.294724599966224448e-03,0.000000000000000000e+00,0.000000000000000000e+00,0.000000000000000000e+00,0.000000000000000000e+00,0.000000000000000000e+00,0.000000000000000000e+00,0.000000000000000000e+00,0.000000000000000000e+00,0.000000000000000000e+00,0.000000000000000000e+00,0.000000000000000000e+00,0.000000000000000000e+00,0.000000000000000000e+00,0.000000000000000000e+00,0.000000000000000000e+00,0.000000000000000000e+00,0.000000000000000000e+00,0.000000000000000000e+00,0.000000000000000000e+00,0.000000000000000000e+00,0.000000000000000000e+00,0.000000000000000000e+00,0.000000000000000000e+00,0.000000000000000000e+00,0.000000000000000000e+00,0.000000000000000000e+00,0.000000000000000000e+00,0.000000000000000000e+00,0.000000000000000000e+00,0.000000000000000000e+00,0.000000000000000000e+00,0.000000000000000000e+00,0.000000000000000000e+00,0.000000000000000000e+00,0.000000000000000000e+00,0.000000000000000000e+00,0.000000000000000000e+00,0.000000000000000000e+00,0.000000000000000000e+00,0.000000000000000000e+00,0.000000000000000000e+00,2.196758487745385097e-02,1.097206522185298905e-01,1.551758195198303936e-01,8.706564116931841957e-02,8.782896152945533080e-03,0.000000000000000000e+00
1.645603437999001648e-02,0.000000000000000000e+00,0.000000000000000000e+00,0.000000000000000000e+00,0.000000000000000000e+00,0.000000000000000000e+00,0.000000000000000000e+00,0.000000000000000000e+00,0.000000000000000000e+00,0.000000000000000000e+00,0.000000000000000000e+00,0.000000000000000000e+00,0.000000000000000000e+00,0.000000000000000000e+00,0.000000000000000000e+00,0.000000000000000000e+00,0.000000000000000000e+00,0.000000000000000000e+00,0.000000000000000000e+00,0.000000000000000000e+00,0.000000000000000000e+00,0.000000000000000000e+00,0.000000000000000000e+00,0.000000000000000000e+00,0.000000000000000000e+00,0.000000000000000000e+00,0.000000000000000000e+00,0.000000000000000000e+00,0.000000000000000000e+00,0.000000000000000000e+00,0.000000000000000000e+00,0.000000000000000000e+00,3.909260903884228221e-03,3.875285568310878753e-02,6.906864818999643163e-02,4.883658517614689054e-02,9.777756587203643643e-03,0.000000000000000000e+00,2.432207586391223371e-03,7.824700247929632091e-03,8.782896152945533080e-03,3.909260903884228221e-03,9.777756587203643643e-03,4.883658517614689054e-02,6.906864818999643163e-02,3.875285568310878753e-02,3.909260903884228221e-03,0.000000000000000000e+00
2.327345462616744673e-02,0.000000000000000000e+00,0.000000000000000000e+00,0.000000000000000000e+00,0.000000000000000000e+00,0.000000000000000000e+00,0.000000000000000000e+00,0.000000000000000000e+00,0.000000000000000000e+00,0.000000000000000000e+00,0.000000000000000000e+00,0.000000000000000000e+00,0.000000000000000000e+00,0.000000000000000000e+00,0.000000000000000000e+00,0.000000000000000000e+00,0.000000000000000000e+00,0.000000000000000000e+00,0.000000000000000000e+00,0.000000000000000000e+00,0.000000000000000000e+00,0.000000000000000000e+00,0.000000000000000000e+00,0.000000000000000000e+00,0.000000000000000000e+00,0.000000000000000000e+00,0.000000000000000000e+00,0.000000000000000000e+00,0.000000000000000000e+00,0.000000000000000000e+00,0.000000000000000000e+00,0.000000000000000000e+00,8.782896152945533080e-03,8.706564116931841957e-02,1.551758195198304213e-01,1.097206522185299321e-01,2.196758487745385097e-02,0.000000000000000000e+00,2.411069301952448521e-02,7.756695880040002933e-02,8.706564116931839181e-02,3.875285568310878753e-02,0.000000000000000000e+00,0.000000000000000000e+00,0.000000000000000000e+00,0.000000000000000000e+00,0.000000000000000000e+00,0.000000000000000000e+00
1.305820878228620627e-02,0.000000000000000000e+00,0.000000000000000000e+00,0.000000000000000000e+00,0.000000000000000000e+00,0.000000000000000000e+00,0.000000000000000000e+00,0.000000000000000000e+00,0.000000000000000000e+00,0.000000000000000000e+00,0.000000000000000000e+00,0.000000000000000000e+00,0.000000000000000000e+00,0.000000000000000000e+00,0.000000000000000000e+00,0.000000000000000000e+00,0.000000000000000000e+00,0.000000000000000000e+00,0.000000000000000000e+00,0.000000000000000000e+00,0.000000000000000000e+00,0.000000000000000000e+00,0.000000000000000000e+00,0.000000000000000000e+00,0.000000000000000000e+00,0.000000000000000000e+00,0.000000000000000000e+00,0.000000000000000000e+00,0.000000000000000000e+00,0.000000000000000000e+00,0.000000000000000000e+00,0.000000000000000000e+00,7.824700247929630356e-03,7.756695880040002933e-02,1.382464567866137362e-01,9.775035474254183121e-02,1.957096655177705327e-02,0.000000000000000000e+00,4.297213571562393669e-02,1.382464567866137639e-01,1.551758195198304213e-01,6.906864818999643163e-02,0.000000000000000000e+00,0.000000000000000000e+00,0.000000000000000000e+00,0.000000000000000000e+00,0.000000000000000000e+00,0.000000000000000000e+00
1.317269248098261155e-03,0.000000000000000000e+00,0.000000000000000000e+00,0.000000000000000000e+00,0.000000000000000000e+00,0.000000000000000000e+00,0.000000000000000000e+00,0.000000000000000000e+00,0.000000000000000000e+00,0.000000000000000000e+00,0.000000000000000000e+00,0.000000000000000000e+00,0.000000000000000000e+00,0.000000000000000000e+00,0.000000000000000000e+00,0.000000000000000000e+00,0.000000000000000000e+00,0.000000000000000000e+00,0.000000000000000000e+00,0.000000000000000000e+00,0.000000000000000000e+00,0.000000000000000000e+00,0.000000000000000000e+00,0.000000000000000000e+00,0.000000000000000000e+00,0.000000000000000000e+00,0.000000000000000000e+00,0.000000000000000000e+00,0.000000000000000000e+00,0.000000000000000000e+00,0.000000000000000000e+00,0.000000000000000000e+00,2.432207586391223371e-03,2.411069301952448868e-02,4.297213571562394363e-02,3.038444245070610200e-02,6.083383620073608278e-03,0.000000000000000000e+00,3.038444245070609853e-02,9.775035474254185897e-02,1.097206522185299321e-01,4.883658517614689748e-02,0.000000000000000000e+00,9.777756587203643643e-03,4.883658517614689054e-02,6.906864818999641775e-02,3.875285568310878753e-02,3.909260903884228221e-03
0.000000000000000000e+00,0.000000000000000000e+00,1.317269248098261155e-03,6.579314105534283738e-03,9.304998079771179334e-03,5.220823878368648953e-03,5.266595793782419569e-04,0.000000000000000000e+00,0.000000000000000000e+00,0.000000000000000000e+00,0.000000000000000000e+00,0.000000000000000000e+00,0.000000000000000000e+00,0.000000000000000000e+00,0.000000000000000000e+00,0.000000000000000000e+00,0.000000000000000000e+00,0.000000000000000000e+00,0.000000000000000000e+00,0.000000000000000000e+00,0.000000000000000000e+00,0.000000000000000000e+00,0.000000000000000000e+00,0.000000000000000000e+00,0.000000000000000000e+00,0.000000000000000000e+00,0.000000000000000000e+00,0.000000000000000000e+00,0.000000000000000000e+00,0.000000000000000000e+00,0.000000000000000000e+00,0.000000000000000000e+00,0.000000000000000000e+00,0.000000000000000000e+00,0.000000000000000000e+00,0.000000000000000000e+00,0.000000000000000000e+00,0.000000000000000000e+00,6.083383620073608278e-03,1.957096655177704980e-02,2.196758487745385444e-02,9.777756587203645378e-03,0.000000000000000000e+00,2.196758487745385097e-02,1.097206522185299321e-01,1.551758195198304213e-01,8.706564116931840569e-02,8.782896152945533080e-03
0.000000000000000000e+00,0.000000000000000000e+00,1.305820878228620627e-02,6.522133372379354532e-02,9.224128462715054655e-02,5.175449766075276847e-02,5.220823878368648953e-03,0.000000000000000000e+00,0.000000000000000000e+00,0.000000000000000000e+00,0.000000000000000000e+00,0.000000000000000000e+00,0.000000000000000000e+00,0.000000000000000000e+00,0.000000000000000000e+00,0.000000000000000000e+00,0.000000000000000000e+00,0.000000000000000000e+00,0.000000000000000000e+00,0.000000000000000000e+00,0.000000000000000000e+00,0.000000000000000000e+00,0.000000000000000000e+00,0.000000000000000000e+00,0.000000000000000000e+00,0.000000000000000000e+00,0.000000000000000000e+00,0.000000000000000000e+00,0.000000000000000000e+00,0.000000000000000000e+00,0.000000000000000000e+00,0.000000000000000000e+00,0.000000000000000000e+00,0.000000000000000000e+00,0.000000000000000000e+00,0.000000000000000000e+00,0.000000000000000000e+00,0.000000000000000000e+00,0.000000000000000000e+00,0.000000000000000000e+00,0.000000000000000000e+00,0.000000000000000000e+00,0.000000000000000000e+00,1.957096655177704980e-02,9.775035474254181733e-02,1.382464567866137362e-01,7.756695880040001545e-02,7.824700247929630356e-03
0.000000000000000000e+00,0.000000000000000000e+00,2.327345462616744326e-02,1.162430296824430442e-01,1.644002931965323211e-01,9.224128462715054655e-02,9.304998079771179334e-03,0.000000000000000000e+00,0.000000000000000000e+00,0.000000000000000000e+00,0.000000000000000000e+00,0.000000000000000000e+00,0.000000000000000000e+00,0.000000000000000000e+00,0.000000000000000000e+00,0.000000000000000000e+00,0.000000000000000000e+00,0.000000000000000000e+00,0.000000000000000000e+00,0.000000000000000000e+00,0.000000000000000000e+00,0.000000000000000000e+00,0.000000000000000000e+00,0.000000000000000000e+00,0.000000000000000000e+00,0.000000000000000000e+00,0.000000000000000000e+00,0.000000000000000000e+00,0.000000000000000000e+00,0.000000000000000000e+00,0.000000000000000000e+00,0.000000000000000000e+00,0.000000000000000000e+00,0.000000000000000000e+00,0.000000000000000000e+00,0.000000000000000000e+00,0.000000000000000000e+00,0.000000000000000000e+00,0.000000000000000000e+00,0.000000000000000000e+00,0.000000000000000000e+00,0.000000000000000000e+00,0.000000000000000000e+00,6.083383620073608278e-03,3.038444245070610547e-02,4.297213571562393669e-02,2.411069301952448521e-02,2.432207586391223371e-03
0.000000000000000000e+00,0.000000000000000000e+00,1.645603437999001648e-02,8.219232269616387476e-02,1.162430296824430442e-01,6.522133372379355920e-02,6.579314105534283738e-03,0.000000000000000000e+00,0.000000000000000000e+00,0.000000000000000000e+00,0.000000000000000000e+00,0.000000000000000000e+00,0.000000000000000000e+00,0.000000000000000000e+00,0.000000000000000000e+00,0.000000000000000000e+00,0.000000000000000000e+00,0.000000000000000000e+00,0.000000000000000000e+00,0.000000000000000000e+00,0.000000000000000000e+00,0.000000000000000000e+00,1.805366198566983604e-02,5.808077164371855394e-02,6.519321758871179928e-02,2.901745532223978796e-02,0.000000000000000000e+00,0.000000000000000000e+00,0.000000000000000000e+00,0.000000000000000000e+00,0.000000000000000000e+00,0.000000000000000000e+00,0.000000000000000000e+00,0.000000000000000000e+00,0.000000000000000000e+00,0.000000000000000000e+00,0.000000000000000000e+00,0.000000000000000000e+00,0.000000000000000000e+00,0.000000000000000000e+00,1.317269248098261155e-03,1.305820878228620627e-02,2.327345462616744673e-02,1.645603437999001301e-02,3.294724599966224448e-03,3.294724599966224014e-03,1.645603437999001648e-02,2.327345462616744673e-02
0.000000000000000000e+00,0.000000000000000000e+00,3.294724599966224448e-03,1.645603437999001648e-02,2.327345462616745020e-02,1.305820878228620627e-02,1.317269248098261155e-03,0.000000000000000000e+00,0.000000000000000000e+00,0.000000000000000000e+00,0.000000000000000000e+00,0.000000000000000000e+00,0.000000000000000000e+00,0.000000000000000000e+00,0.000000000000000000e+00,0.000000000000000000e+00,1.123236712086930246e-02,3.613585710663327899e-02,4.056097617914693199e-02,1.805366198566983604e-02,0.000000000000000000e+00,0.000000000000000000e+00,4.056097617914693199e-02,1.304894706114070879e-01,1.464689295588122997e-01,6.519321758871179928e-02,1.805366198566983604e-02,4.056097617914693892e-02,3.613585710663327899e-02,1.123236712086930246e-02,0.000000000000000000e+00,0.000000000000000000e+00,0.000000000000000000e+00,0.000000000000000000e+00,1.123236712086930246e-02,3.613585710663327899e-02,4.056097617914693199e-02,1.805366198566983604e-02,0.000000000000000000e+00,0.000000000000000000e+00,6.579314105534283738e-03,6.522133372379354532e-02,1.162430296824430442e-01,8.219232269616386088e-02,1.645603437999001648e-02,1.645603437999001301e-02,8.219232269616384701e-02,1.162430296824430442e-01
0.000000000000000000e+00,0.000000000000000000e+00,0.000000000000000000e+00,0.000000000000000000e+00,0.000000000000000000e+00,0.000000000000000000e+00,0.000000000000000000e+00,0.000000000000000000e+00,0.000000000000000000e+00,0.000000000000000000e+00,0.000000000000000000e+00,0.000000000000000000e+00,0.000000000000000000e+00,0.000000000000000000e+00,0.000000000000000000e+00,0.000000000000000000e+00,3.613585710663327899e-02,1.162533377675034063e-01,1.304894706114070602e-01,5.808077164371855394e-02,0.000000000000000000e+00,0.000000000000000000e+00,3.613585710663328593e-02,1.162533377675033647e-01,1.304894706114070602e-01,5.808077164371855394e-02,5.808077164371854700e-02,1.304894706114070879e-01,1.162533377675033924e-01,3.613585710663327899e-02,0.000000000000000000e+00,0.000000000000000000e+00,0.000000000000000000e+00,0.000000000000000000e+00,3.613585710663327899e-02,1.162533377675034063e-01,1.304894706114070602e-01,5.808077164371855394e-02,0.000000000000000000e+00,0.000000000000000000e+00,9.304998079771179334e-03,9.224128462715054655e-02,1.644002931965323211e-01,1.162430296824430304e-01,2.327345462616744673e-02,2.327345462616744673e-02,1.162430296824430304e-01,1.644002931965323211e-01
0.000000000000000000e+00,0.000000000000000000e+00,0.000000000000000000e+00,0.000000000000000000e+00,0.000000000000000000e+00,0.000000000000000000e+00,0.000000000000000000e+00,0.000000000000000000e+00,0.000000000000000000e+00,0.000000000000000000e+00,0.000000000000000000e+00,0.000000000000000000e+00,0.000000000000000000e+00,0.000000000000000000e+00,0.000000000000000000e+00,0.000000000000000000e+00,4.056097617914693892e-02,1.304894706114070324e-01,1.464689295588122997e-01,6.519321758871178540e-02,0.000000000000000000e+00,0.000000000000000000e+00,1.123236712086930246e-02,3.613585710663327899e-02,4.056097617914693892e-02,1.805366198566983257e-02,6.519321758871179928e-02,1.464689295588122997e-01,1.304894706114070602e-01,4.056097617914693892e-02,0.000000000000000000e+00,0.000000000000000000e+00,0.000000000000000000e+00,0.000000000000000000e+00,4.056097617914693892e-02,1.304894706114070324e-01,1.464689295588122997e-01,6.519321758871178540e-02,0.000000000000000000e+00,0.000000000000000000e+00,5.220823878368648953e-03,5.175449766075276847e-02,9.224128462715054655e-02,6.522133372379355920e-02,1.305820878228620627e-02,1.305820878228620627e-02,6.522133372379353144e-02,9.224128462715056043e-02
0.000000000000000000e+00,0.000000000000000000e+00,0.000000000000000000e+00,0.000000000000000000e+00,0.000000000000000000e+00,0.000000000000000000e+00,0.000000000000000000e+00,0.000000000000000000e+00,0.000000000000000000e+00,0.000000000000000000e+00,0.000000000000000000e+00,0.000000000000000000e+00,0.000000000000000000e+00,0.000000000000000000e+00,0.000000000000000000e+00,0.000000000000000000e+00,1.805366198566983604e-02,5.808077164371855394e-02,6.519321758871181316e-02,2.901745532223978102e-02,0.000000000000000000e+00,0.000000000000000000e+00,0.000000000000000000e+00,0.000000000000000000e+00,0.000000000000000000e+00,0.000000000000000000e+00,2.901745532223978449e-02,6.519321758871179928e-02,5.808077164371855394e-02,1.805366198566983257e-02,0.000000000000000000e+00,0.000000000000000000e+00,0.000000000000000000e+00,0.000000000000000000e+00,1.805366198566983604e-02,5.808077164371855394e-02,6.519321758871181316e-02,2.901745532223978102e-02,0.000000000000000000e+00,0.000000000000000000e+00,5.266595793782419569e-04,5.220823878368648953e-03,9.304998079771179334e-03,6.579314105534283738e-03,1.317269248098261155e-03,1.317269248098261155e-03,6.579314105534283738e-03,9.304998079771179334e-03
0.000000000000000000e+00,0.000000000000000000e+00,0.000000000000000000e+00,0.000000000000000000e+00,6.083383620073607410e-03,3.038444245070610200e-02,4.297213571562393669e-02,2.411069301952448174e-02,2.432207586391223371e-03,0.000000000000000000e+00,0.000000000000000000e+00,0.000000000000000000e+00,0.000000000000000000e+00,1.805366198566983604e-02,4.056097617914693892e-02,3.613585710663327899e-02,1.123236712086930246e-02,0.000000000000000000e+00,0.000000000000000000e+00,0.000000000000000000e+00,0.000000000000000000e+00,0.000000000000000000e+00,0.000000000000000000e+00,0.000000000000000000e+00,0.000000000000000000e+00,0.000000000000000000e+00,0.000000000000000000e+00,0.000000000000000000e+00,0.000000000000000000e+00,0.000000000000000000e+00,0.000000000000000000e+00,0.000000000000000000e+00,0.000000000000000000e+00,0.000000000000000000e+00,0.000000000000000000e+00,0.000000000000000000e+00,0.000000000000000000e+00,0.000000000000000000e+00,0.000000000000000000e+00,0.000000000000000000e+00,0.000000000000000000e+00,0.000000000000000000e+00,0.000000000000000000e+00,0.000000000000000000e+00,0.000000000000000000e+00,0.000000000000000000e+00,0.000000000000000000e+00,0.000000000000000000e+00
0.000000000000000000e+00,0.000000000000000000e+00,0.000000000000000000e+00,0.000000000000000000e+00,1.957096655177704633e-02,9.775035474254185897e-02,1.382464567866137639e-01,7.756695880040004321e-02,7.824700247929632091e-03,0.000000000000000000e+00,0.000000000000000000e+00,0.000000000000000000e+00,0.000000000000000000e+00,5.808077164371854700e-02,1.304894706114070879e-01,1.162533377675033924e-01,3.613585710663327899e-02,0.000000000000000000e+00,0.000000000000000000e+00,0.000000000000000000e+00,0.000000000000000000e+00,0.000000000000000000e+00,0.000000000000000000e+00,0.000000000000000000e+00,0.000000000000000000e+00,0.000000000000000000e+00,0.000000000000000000e+00,0.000000000000000000e+00,0.000000000000000000e+00,0.000000000000000000e+00,0.000000000000000000e+00,0.000000000000000000e+00,0.000000000000000000e+00,0.000000000000000000e+00,0.000000000000000000e+00,0.000000000000000000e+00,0.000000000000000000e+00,0.000000000000000000e+00,0.000000000000000000e+00,0.000000000000000000e+00,0.000000000000000000e+00,0.000000000000000000e+00,0.000000000000000000e+00,0.000000000000000000e+00,0.000000000000000000e+00,0.000000000000000000e+00,0.000000000000000000e+00,0.000000000000000000e+00
0.000000000000000000e+00,0.000000000000000000e+00,0.000000000000000000e+00,0.000000000000000000e+00,2.196758487745385097e-02,1.097206522185298905e-01,1.551758195198303936e-01,8.706564116931841957e-02,8.782896152945533080e-03,0.000000000000000000e+00,0.000000000000000000e+00,0.000000000000000000e+00,0.000000000000000000e+00,6.519321758871179928e-02,1.464689295588122997e-01,1.304894706114070602e-01,4.056097617914693892e-02,0.000000000000000000e+00,0.000000000000000000e+00,0.000000000000000000e+00,0.000000000000000000e+00,0.000000000000000000e+00,0.000000000000000000e+00,0.000000000000000000e+00,0.000000000000000000e+00,0.000000000000000000e+00,0.000000000000000000e+00,0.000000000000000000e+00,0.000000000000000000e+00,0.000000000000000000e+00,0.000000000000000000e+00,0.000000000000000000e+00,0.000000000000000000e+00,0.000000000000000000e+00,0.000000000000000000e+00,0.000000000000000000e+00,0.000000000000000000e+00,0.000000000000000000e+00,0.000000000000000000e+00,0.000000000000000000e+00,0.000000000000000000e+00,0.000000000000000000e+00,0.000000000000000000e+00,0.000000000000000000e+00,0.000000000000000000e+00,0.000000000000000000e+00,0.000000000000000000e+00,0.000000000000000000e+00
0.000000000000000000e+00,0.000000000000000000e+00,0.000000000000000000e+00,0.000000000000000000e+00,9.777756587203643643e-03,4.883658517614689054e-02,6.906864818999643163e-02,3.875285568310878753e-02,3.909260903884228221e-03,0.000000000000000000e+00,0.000000000000000000e+00,0.000000000000000000e+00,0.000000000000000000e+00,2.901745532223978449e-02,6.519321758871179928e-02,5.808077164371855394e-02,1.805366198566983257e-02,0.000000000000000000e+00,0.000000000000000000e+00,0.000000000000000000e+00,0.000000000000000000e+00,0.000000000000000000e+00,0.000000000000000000e+00,0.000000000000000000e+00,0.000000000000000000e+00,0.000000000000000000e+00,0.000000000000000000e+00,0.000000000000000000e+00,0.000000000000000000e+00,0.000000000000000000e+00,0.000000000000000000e+00,0.000000000000000000e+00,0.000000000000000000e+00,0.000000000000000000e+00,0.000000000000000000e+00,0.000000000000000000e+00,0.000000000000000000e+00,0.000000000000000000e+00,0.000000000000000000e+00,0.000000000000000000e+00,0.000000000000000000e+00,0.000000000000000000e+00,0.000000000000000000e+00,0.000000000000000000e+00,0.000000000000000000e+00,0.000000000000000000e+00,0.000000000000000000e+00,0.000000000000000000e+00
0.000000000000000000e+00,0.000000000000000000e+00,0.000000000000000000e+00,0.000000000000000000e+00,0.000000000000000000e+00,0.000000000000000000e+00,0.000000000000000000e+00,0.000000000000000000e+00,0.000000000000000000e+00,0.000000000000000000e+00,0.000000000000000000e+00,0.000000000000000000e+00,0.000000000000000000e+00,0.000000000000000000e+00,0.000000000000000000e+00,0.000000000000000000e+00,0.000000000000000000e+00,0.000000000000000000e+00,0.000000000000000000e+00,0.000000000000000000e+00,0.000000000000000000e+00,0.000000000000000000e+00,0.000000000000000000e+00,0.000000000000000000e+00,0.000000000000000000e+00,0.000000000000000000e+00,0.000000000000000000e+00,0.000000000000000000e+00,0.000000000000000000e+00,0.000000000000000000e+00,0.000000000000000000e+00,0.000000000000000000e+00,0.000000000000000000e+00,0.000000000000000000e+00,0.000000000000000000e+00,0.000000000000000000e+00,0.000000000000000000e+00,0.000000000000000000e+00,0.000000000000000000e+00,0.000000000000000000e+00,0.000000000000000000e+00,0.000000000000000000e+00,0.000000000000000000e+00,0.000000000000000000e+00,0.000000000000000000e+00,0.000000000000000000e+00,0.000000000000000000e+00,0.000000000000000000e+00
