0,0,0,0,0,0,0,0,0,0,0,0,0,0,0,0,0,0,0,0,0,0,0,0,0,0,0,0,0,0,0,0,0,0,0,0,0,0,0,0,0,0,0,0,0,0,0,0,0,0,0,0,0,0,0,0,0,0,0,0,0,0,0,0,0,0,0,0,0,0,0,0,0,0,0,0,0,0,0,0,0,0,0,0,0,0,0,0,0,0,0,0,0,0,0,0,0,0,0,0,0,0,0,0,0,0,0,0,0,0,0,0,0,0,0,0,0,0,0,0,0,0,0,0,0,0,0,0,0,0,0,0,0,0,0,0,0,0,0,0,0,0,0.002360324480688309,0.003543266711206109,0.004996806964828454,0.006619693709314979,0.00823834192849522,0.009631597514455409,0.01057824042755217,0.01091402982406744,0.01057824042755217,0.009631597514455409,0.00823834192849522,0.006619693709314979,0.004996806964828454,0.003543266711206109,0.002360324480688309,0,0,0,0,0,0,0,0,0,0,0,0,0,0,0,0,0,0,0,0,0,0.002360324480688309,0.003543266711206109,0.004996806964828454,0.006619693709314979,0.00823834192849522,0.009631597514455409,0.01057824042755217,0.01091402982406744,0.01057824042755217,0.009631597514455409,0.00823834192849522,0.006619693709314979,0.004996806964828454,0.003543266711206109,0.002360324480688309,0,0,0,0,0,0,0,0,0,0,0,0,0,0,0,0,0,0,0,0,0,0,0,0,0,0,0,0,0,0,0,0,0,0,0,0.000526659579378242,0.0007906096687200192,0.001114938338292962,0.001477053317493005,0.001838222553862663,0.002149099895885654,0.002360324480688309,0.002435249222508907,0.002360324480688309,0.002149099895885654,0.001838222553862663,0.001477053317493005,0.001114938338292962,0.0007906096687200192,0.000526659579378242,0,0,0,0,0,0,0,0,0,0,0,0,0
0,0,0,0,0,0,0,0,0,0,0,0,0,0,0,0,0,0,0,0,0,0,0,0,0,0,0,0,0,0,0,0,0,0,0,0,0,0,0,0,0,0,0,0,0,0,0,0,0,0,0,0,0,0,0,0,0,0,0,0,0,0,0,0,0,0,0,0,0,0,0,0,0,0,0,0,0,0,0,0,0,0,0,0,0,0,0,0,0,0,0,0,0,0,0,0,0,0,0,0,0,0,0,0,0,0,0,0,0,0,0,0,0,0,0,0,0,0,0,0,0,0,0,0,0,0,0,0,0,0,0,0,0,0,0,0,0,0,0,0,0,0,0.002149099895885654,0.003226181053686119,0.004549644515292227,0.00602729971149352,0.007501095686486469,0.008769669333553833,0.009631597514455409,0.009937337239224112,0.009631597514455409,0.009296328912932075,0.008291705355206489,0.007142238049786483,0.006026697832785232,0.005064403607548782,0.004298199791771308,0.002360324480688309,0.002435249222508907,0.002360324480688309,0.002149099895885654,0.001838222553862663,0.001477053317493005,0.001114938338292962,0.0007906096687200192,0.000526659579378242,0,0,0,0,0,0,0,0,0,0,0,0,0.002149099895885654,0.003226181053686119,0.004549644515292227,0.00602729971149352,0.007501095686486469,0.008769669333553833,0.009631597514455409,0.009937337239224112,0.009631597514455409,0.008769669333553833,0.007501095686486469,0.00602729971149352,0.004549644515292227,0.003226181053686119,0.002149099895885654,0,0,0,0,0,0,0,0,0,0,0,0,0,0,0,0,0,0,0,0,0,0,0,0,0,0,0,0,0,0,0,0,0,0,0,0,0,0,0,0,0,0,0,0,0,0,0,0,0,0,0,0,0,0,0,0,0,0,0,0,0,0,0
0,0,0,0,0,0,0,0,0,0,0,0,0,0,0,0,0,0,0,0,0,0,0,0,0,0,0,0,0,0,0,0,0,0,0,0,0,0,0,0,0,0,0,0,0,0,0,0,0,0,0,0,0,0,0,0,0,0,0,0,0,0,0,0,0,0,0,0,0,0,0,0,0,0,0,0,0,0,0,0,0,0,0,0,0,0,0,0,0,0,0,0,0,0,0,0,0,0,0,0,0,0,0,0,0,0,0,0,0,0,0,0,0,0,0,0,0,0,0,0,0,0,0,0,0,0,0,0,0,0,0,0,0,0,0,0,0,0,0,0,0,0,0.001838222553862663,0.002759498889318159,0.00389151717706505,0.005155422644507358,0.006416027145122064,0.007501095686486469,0.00823834192849522,0.008499854973448386,0.00823834192849522,0.008291705355206489,0.007602872828270008,0.00682914332632178,0.006108836826702081,0.005518997778636317,0.005064403607548782,0.003543266711206109,0.003655742070297929,0.003543266711206109,0.003226181053686119,0.002759498889318159,0.002217319649637031,0.001673720681814422,0.001186845683147944,0.0007906096687200192,0,0,0,0,0,0,0,0,0,0,0,0,0.001838222553862663,0.002759498889318159,0.00389151717706505,0.005155422644507358,0.006416027145122064,0.007501095686486469,0.00823834192849522,0.008499854973448386,0.00823834192849522,0.007501095686486469,0.006416027145122064,0.005155422644507358,0.00389151717706505,0.002759498889318159,0.001838222553862663,0,0,0,0,0,0,0,0,0,0,0,0,0,0,0,0,0,0,0,0,0,0,0,0,0,0,0,0,0,0,0,0,0,0,0,0,0,0,0,0,0,0,0,0,0,0,0,0,0,0,0,0,0,0,0,0,0,0,0,0,0,0,0
0,0,0,0,0,0.000526659579378242,0.0007906096687200192,0.001114938338292962,0.001477053317493005,0.001838222553862663,0.002149099895885654,0.002360324480688309,0.002435249222508907,0.002360324480688309,0.002149099895885654,0.001838222553862663,0.001477053317493005,0.001114938338292962,0.0007906096687200192,0.000526659579378242,0,0,0,0,0,0,0,0,0,0,0,0,0,0,0,0,0,0,0,0,0,0,0,0,0,0,0,0,0,0,0,0,0,0,0,0,0,0,0,0,0,0,0,0,0,0,0,0,0,0,0,0,0,0,0,0,0,0,0,0,0,0,0,0,0,0,0,0,0,0,0,0,0,0,0,0,0,0,0,0,0,0,0,0,0,0,0,0,0,0,0,0,0,0,0,0,0,0,0,0,0,0,0,0,0,0,0,0,0,0,0,0,0,0,0,0,0,0,0,0,0,0,0.001477053317493005,0.002217319649637031,0.003126921897670497,0.004142498471769416,0.005155422644507358,0.00602729971149352,0.006619693709314979,0.00682982534424901,0.006619693709314979,0.007142238049786483,0.00682914332632178,0.006502822952457726,0.006253843795340994,0.006108836826702081,0.006026697832785232,0.004996806964828454,0.005155422644507358,0.004996806964828454,0.004549644515292227,0.00389151717706505,0.003126921897670497,0.002360324480688309,0.001673720681814422,0.001114938338292962,0,0,0,0,0,0,0,0,0,0,0,0,0.001477053317493005,0.002217319649637031,0.003126921897670497,0.004142498471769416,0.005155422644507358,0.00602729971149352,0.006619693709314979,0.00682982534424901,0.006619693709314979,0.00602729971149352,0.005155422644507358,0.004142498471769416,0.003126921897670497,0.002217319649637031,0.001477053317493005,0,0,0,0,0,0,0,0,0,0,0,0,0,0,0,0,0,0,0,0,0,0,0,0,0,0,0,0,0,0,0,0,0,0,0,0,0,0,0,0,0,0,0,0,0,0,0,0,0,0,0,0,0,0,0,0,0,0,0,0,0,0,0
0,0,0,0,0,0.0007906096687200192,0.001186845683147944,0.001673720681814422,0.002217319649637031,0.002759498889318159,0.003226181053686119,0.003543266711206109,0.003655742070297929,0.003543266711206109,0.003226181053686119,0.002759498889318159,0.002217319649637031,0.001673720681814422,0.001186845683147944,0.0007906096687200192,0,0,0,0,0,0,0,0,0,0,0,0,0,0,0,0,0,0,0,0,0,0,0,0,0,0,0,0,0,0,0,0,0,0,0,0,0,0,0,0,0,0,0,0,0,0,0,0,0,0,0,0,0,0,0,0,0,0,0,0,0,0,0,0,0,0,0,0,0,0,0,0,0,0,0,0,0,0,0,0,0,0,0,0,0,0,0,0,0,0,0,0,0,0,0,0,0,0,0,0,0,0,0,0,0,0,0,0,0,0,0,0,0,0,0,0,0,0,0,0,0,0,0.001114938338292962,0.001673720681814422,0.002360324480688309,0.003126921897670497,0.00389151717706505,0.004549644515292227,0.004996806964828454,0.005155422644507358,0.004996806964828454,0.006026697832785232,0.006108836826702081,0.006253843795340994,0.006502822952457726,0.00682914332632178,0.007142238049786483,0.006619693709314979,0.00682982534424901,0.006619693709314979,0.00602729971149352,0.005155422644507358,0.004142498471769416,0.003126921897670497,0.002217319649637031,0.001477053317493005,0,0,0,0,0,0,0,0,0,0,0,0,0.001114938338292962,0.001673720681814422,0.002360324480688309,0.003126921897670497,0.00389151717706505,0.004549644515292227,0.004996806964828454,0.005155422644507358,0.004996806964828454,0.004549644515292227,0.00389151717706505,0.003126921897670497,0.002360324480688309,0.001673720681814422,0.001114938338292962,0,0,0,0,0,0,0,0,0,0,0,0,0,0,0,0,0,0,0,0,0,0,0,0,0,0,0,0,0,0,0,0,0,0,0,0,0,0,0,0,0,0,0,0,0,0,0,0,0,0,0,0,0,0,0,0,0,0,0,0,0,0,0
0,0,0,0,0,0.001114938338292962,0.001673720681814422,0.002360324480688309,0.003126921897670497,0.00389151717706505,0.004549644515292227,0.004996806964828454,0.005155422644507358,0.004996806964828454,0.004549644515292227,0.00389151717706505,0.003126921897670497,0.002360324480688309,0.001673720681814422,0.001114938338292962,0,0,0,0,0,0,0,0,0,0,0,0,0,0,0,0,0,0,0,0,0,0,0,0,0,0,0,0,0,0,0,0,0,0,0,0,0,0,0,0,0,0,0,0,0,0,0,0,0,0,0,0,0,0,0,0,0,0,0,0,0,0,0,0,0,0,0,0,0,0,0,0,0,0,0,0,0,0,0,0,0,0,0,0,0,0,0,0,0,0,0,0,0,0,0,0,0,0,0,0,0,0,0,0,0,0,0,0,0,0,0,0,0,0,0,0,0,0,0,0,0,0,0.0007906096687200192,0.001186845683147944,0.001673720681814422,0.002217319649637031,0.002759498889318159,0.003226181053686119,0.003543266711206109,0.003655742070297929,0.003543266711206109,0.005064403607548782,0.005518997778636317,0.006108836826702081,0.00682914332632178,0.007602872828270008,0.008291705355206489,0.00823834192849522,0.008499854973448386,0.00823834192849522,0.007501095686486469,0.006416027145122064,0.005155422644507358,0.00389151717706505,0.002759498889318159,0.001838222553862663,0,0,0,0,0,0,0,0,0,0,0,0,0.0007906096687200192,0.001186845683147944,0.001673720681814422,0.002217319649637031,0.002759498889318159,0.003226181053686119,0.003543266711206109,0.003655742070297929,0.003543266711206109,0.003226181053686119,0.002759498889318159,0.002217319649637031,0.001673720681814422,0.001186845683147944,0.0007906096687200192,0,0,0,0,0,0,0,0,0,0,0,0,0,0,0,0,0,0,0,0,0,0,0,0,0,0,0,0,0,0,0,0,0,0,0,0,0,0,0,0,0,0,0,0,0,0,0,0,0,0,0,0,0,0,0,0,0,0,0,0,0,0,0
0,0,0,0,0,0.001477053317493005,0.002217319649637031,0.003126921897670497,0.004142498471769416,0.005155422644507358,0.00602729971149352,0.006619693709314979,0.00682982534424901,0.006619693709314979,0.00602729971149352,0.005155422644507358,0.004142498471769416,0.003126921897670497,0.002217319649637031,0.001477053317493005,0,0,0,0,0,0,0,0,0,0,0,0,0,0,0,0,0,0,0,0,0,0,0,0,0,0,0,0,0,0,0,0,0,0,0,0,0,0,0,0,0,0,0,0,0,0,0,0,0,0,0,0,0,0,0,0,0,0,0,0,0,0,0,0,0,0,0,0,0,0,0,0,0,0,0,0,0,0,0,0,0,0,0,0,0,0,0,0,0,0,0,0,0,0,0,0,0,0,0,0,0,0,0,0,0,0,0,0,0,0,0,0,0,0,0,0,0,0,0,0,0,0,0.000526659579378242,0.0007906096687200192,0.001114938338292962,0.001477053317493005,0.001838222553862663,0.002149099895885654,0.002360324480688309,0.002435249222508907,0.002360324480688309,0.004298199791771308,0.005064403607548782,0.006026697832785232,0.007142238049786483,0.008291705355206489,0.009296328912932075,0.009631597514455409,0.009937337239224112,0.009631597514455409,0.008769669333553833,0.007501095686486469,0.00602729971149352,0.004549644515292227,0.003226181053686119,0.002149099895885654,0,0,0,0,0,0,0,0,0,0,0,0,0.000526659579378242,0.0007906096687200192,0.001114938338292962,0.001477053317493005,0.001838222553862663,0.002149099895885654,0.002360324480688309,0.002435249222508907,0.002360324480688309,0.002149099895885654,0.001838222553862663,0.001477053317493005,0.001114938338292962,0.0007906096687200192,0.000526659579378242,0,0,0,0,0,0,0,0,0,0,0,0,0,0,0,0,0,0,0,0,0,0,0,0,0,0,0,0,0,0,0,0,0,0,0,0,0,0,0,0,0,0,0,0,0,0,0,0,0,0,0,0,0,0,0,0,0,0,0,0,0,0.000526659579378242,0.0007906096687200192
0,0,0,0,0,0.001838222553862663,0.002759498889318159,0.00389151717706505,0.005155422644507358,0.006416027145122064,0.007501095686486469,0.00823834192849522,0.008499854973448386,0.00823834192849522,0.007501095686486469,0.006416027145122064,0.005155422644507358,0.00389151717706505,0.002759498889318159,0.001838222553862663,0,0,0,0,0,0,0,0,0,0,0,0,0,0,0,0,0,0,0,0,0,0,0,0,0,0,0,0,0,0,0,0,0,0,0,0,0,0,0,0,0,0,0,0,0,0,0,0,0,0,0,0,0,0,0,0,0,0,0,0,0,0,0,0,0,0,0,0,0,0,0,0,0,0,0,0,0,0,0,0,0,0,0,0,0,0,0,0,0,0,0,0,0,0,0,0,0,0,0,0,0,0,0,0,0,0,0,0,0,0,0,0,0,0,0,0,0,0,0,0,0,0,0,0,0,0,0,0,0,0,0,0.002360324480688309,0.003543266711206109,0.004996806964828454,0.006619693709314979,0.00823834192849522,0.009631597514455409,0.01057824042755217,0.01091402982406744,0.01057824042755217,0.009631597514455409,0.00823834192849522,0.006619693709314979,0.004996806964828454,0.003543266711206109,0.002360324480688309,0,0,0,0,0,0,0,0,0,0,0,0,0,0,0,0,0,0,0,0,0,0,0,0,0,0,0,0,0,0,0,0,0,0,0,0,0,0,0,0,0,0,0,0,0,0,0,0,0,0,0,0,0,0,0,0,0,0,0,0,0,0,0,0,0,0,0,0,0,0,0,0,0,0,0,0,0,0,0,0,0,0,0,0,0,0,0,0,0.0007906096687200192,0.001186845683147944
0,0,0,0,0,0.002149099895885654,0.003226181053686119,0.004549644515292227,0.00602729971149352,0.007501095686486469,0.008769669333553833,0.009631597514455409,0.009937337239224112,0.009631597514455409,0.008769669333553833,0.007501095686486469,0.00602729971149352,0.004549644515292227,0.003226181053686119,0.002149099895885654,0,0,0,0,0,0.000526659579378242,0.0007906096687200192,0.001114938338292962,0.001477053317493005,0.001838222553862663,0.002149099895885654,0.002360324480688309,0.002435249222508907,0.002360324480688309,0.002149099895885654,0.001838222553862663,0.001477053317493005,0.001114938338292962,0.0007906096687200192,0.000526659579378242,0,0,0,0,0,0,0,0,0,0,0,0,0,0,0,0,0,0,0,0,0.000526659579378242,0.0007906096687200192,0.001114938338292962,0.001477053317493005,0.001838222553862663,0.002149099895885654,0.002360324480688309,0.002435249222508907,0.002360324480688309,0.002149099895885654,0.001838222553862663,0.001477053317493005,0.001114938338292962,0.0007906096687200192,0.000526659579378242,0,0,0,0,0,0,0,0,0,0,0,0,0,0,0,0,0,0,0,0,0,0,0,0,0,0,0,0,0,0,0,0,0,0,0,0,0,0,0,0,0,0,0,0,0,0,0,0,0,0,0,0,0,0,0,0,0,0,0,0,0,0,0,0,0,0,0,0,0,0,0,0,0,0,0,0,0.002435249222508907,0.003655742070297929,0.005155422644507358,0.00682982534424901,0.008499854973448386,0.009937337239224112,0.01091402982406744,0.01126047832023017,0.01091402982406744,0.009937337239224112,0.008499854973448386,0.00682982534424901,0.005155422644507358,0.003655742070297929,0.002435249222508907,0,0,0,0,0,0,0,0,0,0,0,0,0,0,0,0,0,0,0,0,0,0,0,0,0,0,0,0,0,0,0,0,0,0,0,0,0,0,0,0,0,0,0,0,0,0,0,0,0,0,0,0,0,0,0,0,0,0,0,0,0,0,0,0,0,0,0,0,0,0,0,0,0,0,0,0,0,0,0,0,0,0,0,0,0,0,0,0,0.001114938338292962,0.001673720681814422
0,0,0,0,0,0.002360324480688309,0.003543266711206109,0.004996806964828454,0.006619693709314979,0.00823834192849522,0.009631597514455409,0.01057824042755217,0.01091402982406744,0.01057824042755217,0.009631597514455409,0.00823834192849522,0.006619693709314979,0.004996806964828454,0.003543266711206109,0.002360324480688309,0,0,0,0,0,0.0007906096687200192,0.001186845683147944,0.001673720681814422,0.002217319649637031,0.002759498889318159,0.003226181053686119,0.003543266711206109,0.003655742070297929,0.003543266711206109,0.003226181053686119,0.002759498889318159,0.002217319649637031,0.001673720681814422,0.001186845683147944,0.0007906096687200192,0,0,0,0,0,0,0,0,0,0,0,0,0,0,0,0,0,0,0,0,0.0007906096687200192,0.001186845683147944,0.001673720681814422,0.002217319649637031,0.002759498889318159,0.003226181053686119,0.003543266711206109,0.003655742070297929,0.003543266711206109,0.003226181053686119,0.002759498889318159,0.002217319649637031,0.001673720681814422,0.001186845683147944,0.0007906096687200192,0,0,0,0,0,0,0,0,0,0,0,0,0,0,0,0,0,0,0,0,0,0,0,0,0,0,0,0,0,0,0,0,0,0,0,0,0,0,0,0,0,0,0,0,0,0,0,0,0,0,0,0,0,0,0,0,0,0,0,0,0,0,0,0,0,0,0,0,0,0,0,0,0,0,0,0,0.002360324480688309,0.003543266711206109,0.004996806964828454,0.006619693709314979,0.00823834192849522,0.009631597514455409,0.01057824042755217,0.01091402982406744,0.01057824042755217,0.009631597514455409,0.00823834192849522,0.006619693709314979,0.004996806964828454,0.003543266711206109,0.002360324480688309,0,0,0,0,0,0,0,0,0,0,0,0,0,0,0,0,0,0,0,0,0,0,0,0,0,0,0,0,0,0,0,0,0,0,0,0,0,0,0,0,0,0,0,0,0,0,0,0,0,0,0,0,0,0,0,0,0,0,0,0,0,0,0,0,0,0,0,0,0,0,0,0,0,0,0,0,0,0,0,0,0,0,0,0,0,0,0,0,0.001477053317493005,0.002217319649637031
0,0,0,0,0,0.002435249222508907,0.003655742070297929,0.005155422644507358,0.00682982534424901,0.008499854973448386,0.009937337239224112,0.01091402982406744,0.01126047832023017,0.01091402982406744,0.009937337239224112,0.008499854973448386,0.00682982534424901,0.005155422644507358,0.003655742070297929,0.002435249222508907,0,0,0,0,0,0.001114938338292962,0.001673720681814422,0.002360324480688309,0.003126921897670497,0.00389151717706505,0.004549644515292227,0.004996806964828454,0.005155422644507358,0.004996806964828454,0.004549644515292227,0.00389151717706505,0.003126921897670497,0.002360324480688309,0.001673720681814422,0.001114938338292962,0,0,0,0,0,0,0,0,0,0,0,0,0,0,0,0,0,0,0,0,0.001114938338292962,0.001673720681814422,0.002360324480688309,0.003126921897670497,0.00389151717706505,0.004549644515292227,0.004996806964828454,0.005155422644507358,0.004996806964828454,0.004549644515292227,0.00389151717706505,0.003126921897670497,0.002360324480688309,0.001673720681814422,0.001114938338292962,0,0,0,0,0,0,0,0,0,0,0,0,0,0,0,0,0,0,0,0,0,0,0,0,0,0,0,0,0,0,0,0,0,0,0,0,0,0,0,0,0,0,0,0,0,0,0,0,0,0,0,0,0,0,0,0,0,0,0,0,0,0,0,0,0,0,0,0,0,0,0,0,0,0,0,0,0.002149099895885654,0.003226181053686119,0.004549644515292227,0.00602729971149352,0.007501095686486469,0.008769669333553833,0.009631597514455409,0.009937337239224112,0.009631597514455409,0.008769669333553833,0.007501095686486469,0.00602729971149352,0.004549644515292227,0.003226181053686119,0.002149099895885654,0,0,0,0,0,0,0,0,0,0,0,0,0,0,0,0,0,0,0,0,0,0,0,0,0,0,0,0,0,0,0,0,0,0,0,0,0,0,0,0,0,0,0,0,0,0,0,0,0,0,0,0,0,0,0,0,0,0,0,0,0,0,0,0,0,0,0,0,0,0,0,0,0,0,0,0,0,0,0,0,0,0,0,0,0,0,0,0,0.001838222553862663,0.002759498889318159
0,0,0,0,0,0.002360324480688309,0.003543266711206109,0.004996806964828454,0.006619693709314979,0.00823834192849522,0.009631597514455409,0.01057824042755217,0.01091402982406744,0.01057824042755217,0.009631597514455409,0.00823834192849522,0.006619693709314979,0.004996806964828454,0.003543266711206109,0.002360324480688309,0,0,0,0,0,0.001477053317493005,0.002217319649637031,0.003126921897670497,0.004142498471769416,0.005155422644507358,0.00602729971149352,0.006619693709314979,0.00682982534424901,0.006619693709314979,0.00602729971149352,0.005155422644507358,0.004142498471769416,0.003126921897670497,0.002217319649637031,0.001477053317493005,0,0,0,0,0,0,0,0,0,0,0,0,0,0,0,0,0,0,0,0,0.001477053317493005,0.002217319649637031,0.003126921897670497,0.004142498471769416,0.005155422644507358,0.00602729971149352,0.006619693709314979,0.00682982534424901,0.006619693709314979,0.00602729971149352,0.005155422644507358,0.004142498471769416,0.003126921897670497,0.002217319649637031,0.001477053317493005,0,0,0,0,0,0,0,0,0,0,0,0,0,0,0,0,0,0,0,0,0,0,0,0,0,0,0,0,0,0,0,0,0,0,0,0,0,0,0,0,0,0,0,0,0,0,0,0,0,0,0,0,0,0,0,0,0,0,0,0,0,0,0,0,0,0,0,0,0,0,0,0,0,0,0,0,0.001838222553862663,0.002759498889318159,0.00389151717706505,0.005155422644507358,0.006416027145122064,0.007501095686486469,0.00823834192849522,0.008499854973448386,0.00823834192849522,0.007501095686486469,0.006416027145122064,0.005155422644507358,0.00389151717706505,0.002759498889318159,0.001838222553862663,0,0,0,0,0,0,0,0,0,0,0,0,0,0,0,0,0,0,0,0,0,0,0,0,0,0,0,0,0,0,0,0,0,0,0,0,0,0,0,0,0,0,0,0,0,0,0,0,0,0,0,0,0,0,0,0,0,0,0,0,0,0,0,0,0,0,0,0,0,0,0,0,0,0,0,0,0,0,0,0,0,0,0,0,0,0,0,0,0.002149099895885654,0.003226181053686119
0,0,0,0,0,0.002149099895885654,0.003226181053686119,0.004549644515292227,0.00602729971149352,0.007501095686486469,0.008769669333553833,0.009631597514455409,0.009937337239224112,0.009631597514455409,0.008769669333553833,0.007501095686486469,0.00602729971149352,0.004549644515292227,0.003226181053686119,0.002149099895885654,0,0,0,0,0,0.001838222553862663,0.002759498889318159,0.00389151717706505,0.005155422644507358,0.006416027145122064,0.007501095686486469,0.00823834192849522,0.008499854973448386,0.00823834192849522,0.007501095686486469,0.006416027145122064,0.005155422644507358,0.00389151717706505,0.002759498889318159,0.001838222553862663,0,0,0,0,0,0,0,0,0,0,0,0,0,0,0,0,0,0,0,0,0.001838222553862663,0.002759498889318159,0.00389151717706505,0.005155422644507358,0.006416027145122064,0.007501095686486469,0.00823834192849522,0.008499854973448386,0.00823834192849522,0.007501095686486469,0.006416027145122064,0.005155422644507358,0.00389151717706505,0.002759498889318159,0.001838222553862663,0,0,0,0,0,0,0,0,0,0,0,0,0,0,0,0,0,0,0,0,0,0,0,0,0,0,0,0,0,0,0,0,0,0,0,0,0,0,0,0,0,0,0,0,0,0,0,0,0,0,0,0,0,0,0,0,0,0,0,0,0,0,0,0,0,0,0,0,0,0,0,0,0,0,0,0,0.001477053317493005,0.002217319649637031,0.003126921897670497,0.004142498471769416,0.005155422644507358,0.00602729971149352,0.006619693709314979,0.00682982534424901,0.006619693709314979,0.00602729971149352,0.005155422644507358,0.004142498471769416,0.003126921897670497,0.002217319649637031,0.001477053317493005,0,0,0,0,0,0,0,0,0,0,0,0,0,0,0,0,0,0,0,0,0,0,0,0,0,0,0,0,0,0,0,0,0,0,0,0,0,0,0,0,0,0,0,0,0,0,0,0,0,0,0,0,0,0,0,0,0,0,0,0,0,0,0,0,0,0,0,0,0,0,0,0,0,0,0,0,0,0,0,0,0,0,0,0,0,0,0,0,0.002360324480688309,0.003543266711206109
0,0,0,0,0,0.001838222553862663,0.002759498889318159,0.00389151717706505,0.005155422644507358,0.006416027145122064,0.007501095686486469,0.00823834192849522,0.008499854973448386,0.00823834192849522,0.007501095686486469,0.006416027145122064,0.005155422644507358,0.00389151717706505,0.002759498889318159,0.001838222553862663,0,0,0,0,0,0.002149099895885654,0.003226181053686119,0.004549644515292227,0.00602729971149352,0.007501095686486469,0.008769669333553833,0.009631597514455409,0.009937337239224112,0.009631597514455409,0.008769669333553833,0.007501095686486469,0.00602729971149352,0.004549644515292227,0.003226181053686119,0.002149099895885654,0,0,0,0,0,0,0,0,0,0,0,0,0,0,0,0,0,0,0,0,0.002149099895885654,0.003226181053686119,0.004549644515292227,0.00602729971149352,0.007501095686486469,0.008769669333553833,0.009631597514455409,0.009937337239224112,0.009631597514455409,0.008769669333553833,0.007501095686486469,0.00602729971149352,0.004549644515292227,0.003226181053686119,0.002149099895885654,0,0,0,0,0,0,0,0,0,0,0,0,0,0,0,0,0,0,0,0,0,0,0,0,0,0,0,0,0,0,0,0,0,0,0,0,0,0,0,0,0,0,0,0,0,0,0,0,0,0,0,0,0,0,0,0,0,0,0,0,0,0,0,0,0,0,0,0,0,0,0,0,0,0,0,0,0.001114938338292962,0.001673720681814422,0.002360324480688309,0.003126921897670497,0.00389151717706505,0.004549644515292227,0.004996806964828454,0.005155422644507358,0.004996806964828454,0.004549644515292227,0.00389151717706505,0.003126921897670497,0.002360324480688309,0.001673720681814422,0.001114938338292962,0,0,0,0,0,0,0,0,0,0,0,0,0,0,0,0,0,0,0,0,0,0,0,0,0,0,0,0,0,0,0,0,0,0,0,0,0,0,0,0,0,0,0,0,0,0,0,0,0,0,0,0,0,0,0,0,0,0,0,0,0,0,0,0,0,0,0,0,0,0,0,0,0,0,0,0,0,0,0,0,0,0,0,0,0,0,0,0,0.002435249222508907,0.003655742070297929
0,0,0,0,0,0.001477053317493005,0.002217319649637031,0.003126921897670497,0.004142498471769416,0.005155422644507358,0.00602729971149352,0.006619693709314979,0.00682982534424901,0.006619693709314979,0.00602729971149352,0.005155422644507358,0.004142498471769416,0.003126921897670497,0.002217319649637031,0.001477053317493005,0,0,0,0,0,0.002360324480688309,0.003543266711206109,0.004996806964828454,0.006619693709314979,0.00823834192849522,0.009631597514455409,0.01057824042755217,0.01091402982406744,0.01057824042755217,0.009631597514455409,0.00823834192849522,0.006619693709314979,0.004996806964828454,0.003543266711206109,0.002360324480688309,0,0,0,0,0,0,0,0,0,0,0,0,0,0,0,0,0,0,0,0,0.002360324480688309,0.003543266711206109,0.004996806964828454,0.006619693709314979,0.00823834192849522,0.009631597514455409,0.01057824042755217,0.01091402982406744,0.01057824042755217,0.009631597514455409,0.00823834192849522,0.006619693709314979,0.004996806964828454,0.003543266711206109,0.002360324480688309,0,0,0,0,0,0,0,0,0,0,0,0,0,0,0,0,0,0,0,0,0,0,0,0,0,0,0,0,0,0,0,0,0,0,0,0,0,0,0,0,0,0,0,0,0,0,0,0,0,0,0,0,0,0,0,0,0,0,0,0,0,0,0,0,0,0,0,0,0,0,0,0,0,0,0,0,0.0007906096687200192,0.001186845683147944,0.001673720681814422,0.002217319649637031,0.002759498889318159,0.003226181053686119,0.003543266711206109,0.003655742070297929,0.003543266711206109,0.003226181053686119,0.002759498889318159,0.002217319649637031,0.001673720681814422,0.001186845683147944,0.0007906096687200192,0,0,0,0,0,0,0,0,0,0,0,0,0,0,0,0,0,0,0,0,0,0,0,0,0,0,0,0,0,0,0,0,0,0,0,0,0,0,0,0,0,0,0,0,0,0,0,0,0,0,0,0,0,0,0,0,0,0,0,0,0,0,0,0,0,0,0,0,0,0,0,0,0,0,0,0,0,0,0,0,0,0,0,0,0,0,0,0,0.002360324480688309,0.003543266711206109
0,0,0,0,0,0.001114938338292962,0.001673720681814422,0.002360324480688309,0.003126921897670497,0.00389151717706505,0.004549644515292227,0.004996806964828454,0.005155422644507358,0.004996806964828454,0.004549644515292227,0.00389151717706505,0.003126921897670497,0.002360324480688309,0.001673720681814422,0.001114938338292962,0,0,0,0,0,0.002435249222508907,0.003655742070297929,0.005155422644507358,0.00682982534424901,0.008499854973448386,0.009937337239224112,0.01091402982406744,0.01126047832023017,0.01091402982406744,0.009937337239224112,0.008499854973448386,0.00682982534424901,0.005155422644507358,0.003655742070297929,0.002435249222508907,0,0,0,0,0,0,0,0,0,0,0,0,0,0,0,0,0,0,0,0,0.002435249222508907,0.003655742070297929,0.005155422644507358,0.00682982534424901,0.008499854973448386,0.009937337239224112,0.01091402982406744,0.01126047832023017,0.01091402982406744,0.009937337239224112,0.008499854973448386,0.00682982534424901,0.005155422644507358,0.003655742070297929,0.002435249222508907,0,0,0,0,0,0,0,0,0,0,0,0,0,0,0,0,0,0,0,0,0,0,0,0,0,0,0,0,0,0,0,0,0,0,0,0,0,0,0,0,0,0,0,0,0,0,0,0,0,0,0,0,0,0,0,0,0,0,0,0,0,0,0,0,0,0,0,0,0,0,0,0,0,0,0,0,0.000526659579378242,0.0007906096687200192,0.001114938338292962,0.001477053317493005,0.001838222553862663,0.002149099895885654,0.002360324480688309,0.002435249222508907,0.002360324480688309,0.002149099895885654,0.001838222553862663,0.001477053317493005,0.001114938338292962,0.0007906096687200192,0.000526659579378242,0,0,0,0,0,0,0,0,0,0,0,0,0,0,0,0,0,0,0,0,0,0,0,0,0,0,0,0,0,0,0,0,0,0,0,0,0,0,0,0,0,0,0,0,0,0,0,0,0,0,0,0,0,0,0,0,0,0,0,0,0,0,0,0,0,0,0,0,0,0,0,0,0,0,0,0,0,0,0,0,0,0,0,0,0,0,0,0,0.002149099895885654,0.003226181053686119
0,0,0,0,0,0.0007906096687200192,0.001186845683147944,0.001673720681814422,0.002217319649637031,0.002759498889318159,0.003226181053686119,0.003543266711206109,0.003655742070297929,0.003543266711206109,0.003226181053686119,0.002759498889318159,0.002217319649637031,0.001673720681814422,0.001186845683147944,0.0007906096687200192,0,0,0,0,0,0.002360324480688309,0.003543266711206109,0.004996806964828454,0.006619693709314979,0.00823834192849522,0.009631597514455409,0.01057824042755217,0.01091402982406744,0.01057824042755217,0.009631597514455409,0.00823834192849522,0.006619693709314979,0.004996806964828454,0.003543266711206109,0.002360324480688309,0,0,0,0,0,0,0,0,0,0,0,0,0,0,0,0,0,0,0,0,0.002360324480688309,0.003543266711206109,0.004996806964828454,0.006619693709314979,0.00823834192849522,0.009631597514455409,0.01057824042755217,0.01091402982406744,0.01057824042755217,0.009631597514455409,0.00823834192849522,0.006619693709314979,0.004996806964828454,0.003543266711206109,0.002360324480688309,0,0,0,0,0,0,0,0,0,0,0,0,0,0,0,0,0,0,0,0,0,0,0,0,0,0,0,0,0,0,0,0,0,0,0,0,0,0,0,0,0,0,0,0,0,0,0,0,0,0,0,0,0,0,0,0,0,0,0,0,0,0,0,0,0,0,0,0,0,0,0,0,0,0,0,0,0,0,0,0,0,0,0,0,0,0,0,0,0,0,0,0,0,0,0,0,0,0,0,0,0,0,0,0,0,0,0,0,0,0,0,0,0,0,0,0,0,0,0,0,0,0,0,0,0,0,0,0,0.000526659579378242,0.0007906096687200192,0.001114938338292962,0.001477053317493005,0.001838222553862663,0.002149099895885654,0.002360324480688309,0.002435249222508907,0.002360324480688309,0.002149099895885654,0.001838222553862663,0.001477053317493005,0.001114938338292962,0.0007906096687200192,0.000526659579378242,0,0,0,0,0,0,0,0,0,0,0,0,0,0,0,0,0,0,0,0,0,0,0,0,0,0,0,0,0,0,0,0,0,0,0,0,0.001838222553862663,0.002759498889318159
0,0,0,0,0,0.000526659579378242,0.0007906096687200192,0.001114938338292962,0.001477053317493005,0.001838222553862663,0.002149099895885654,0.002360324480688309,0.002435249222508907,0.002360324480688309,0.002149099895885654,0.001838222553862663,0.001477053317493005,0.001114938338292962,0.0007906096687200192,0.000526659579378242,0,0,0,0,0,0.002149099895885654,0.003226181053686119,0.004549644515292227,0.00602729971149352,0.007501095686486469,0.008769669333553833,0.009631597514455409,0.009937337239224112,0.009631597514455409,0.008769669333553833,0.007501095686486469,0.00602729971149352,0.004549644515292227,0.003226181053686119,0.002149099895885654,0,0,0,0,0,0,0,0,0,0,0,0,0,0,0,0,0,0,0,0,0.002149099895885654,0.003226181053686119,0.004549644515292227,0.00602729971149352,0.007501095686486469,0.008769669333553833,0.009631597514455409,0.009937337239224112,0.009631597514455409,0.008769669333553833,0.007501095686486469,0.00602729971149352,0.004549644515292227,0.003226181053686119,0.002149099895885654,0,0,0,0,0,0,0,0,0,0,0,0,0,0,0,0,0,0,0,0,0,0,0,0,0,0,0,0,0,0,0,0,0,0,0,0,0,0,0,0,0,0,0,0,0,0,0,0,0,0,0,0,0,0,0,0,0,0,0,0,0,0,0,0,0,0,0,0,0,0,0,0,0,0,0,0,0,0,0,0,0,0,0,0,0,0,0,0,0,0,0,0,0,0,0,0,0,0,0,0,0,0,0,0,0,0,0,0,0,0,0,0,0,0,0,0,0,0,0,0,0,0,0,0,0,0,0,0,0.0007906096687200192,0.001186845683147944,0.001673720681814422,0.002217319649637031,0.002759498889318159,0.003226181053686119,0.003543266711206109,0.003655742070297929,0.003543266711206109,0.003226181053686119,0.002759498889318159,0.002217319649637031,0.001673720681814422,0.001186845683147944,0.0007906096687200192,0,0,0,0,0,0,0,0,0,0,0,0,0,0,0,0,0,0,0,0,0,0,0,0,0,0,0,0,0,0,0,0,0,0,0,0,0.001477053317493005,0.002217319649637031
0,0,0,0,0,0,0,0,0,0,0,0,0,0,0,0,0,0,0,0,0,0,0,0,0,0.001838222553862663,0.002759498889318159,0.00389151717706505,0.005155422644507358,0.006416027145122064,0.007501095686486469,0.00823834192849522,0.008499854973448386,0.00823834192849522,0.007501095686486469,0.006416027145122064,0.005155422644507358,0.00389151717706505,0.002759498889318159,0.001838222553862663,0,0,0,0,0,0,0,0,0,0,0,0,0,0,0,0,0,0,0,0,0.001838222553862663,0.002759498889318159,0.00389151717706505,0.005155422644507358,0.006416027145122064,0.007501095686486469,0.00823834192849522,0.008499854973448386,0.00823834192849522,0.007501095686486469,0.006416027145122064,0.005155422644507358,0.00389151717706505,0.002759498889318159,0.001838222553862663,0,0,0,0,0,0,0,0,0,0,0,0,0,0,0,0,0,0,0,0,0,0,0,0,0,0,0,0,0,0,0,0,0,0,0,0,0,0,0,0,0,0,0,0,0,0,0,0,0,0,0,0,0,0,0,0,0,0,0,0,0,0,0,0,0,0,0,0,0,0,0,0,0,0,0,0,0,0,0,0,0,0,0,0,0,0,0,0,0,0,0,0,0,0,0,0,0,0,0,0,0,0,0,0,0,0,0,0,0,0,0,0,0,0,0,0,0,0,0,0,0,0,0,0,0,0,0,0,0.001114938338292962,0.001673720681814422,0.002360324480688309,0.003126921897670497,0.00389151717706505,0.004549644515292227,0.004996806964828454,0.005155422644507358,0.004996806964828454,0.004549644515292227,0.00389151717706505,0.003126921897670497,0.002360324480688309,0.001673720681814422,0.001114938338292962,0,0,0,0,0,0,0,0,0,0,0,0,0,0,0,0,0,0,0,0,0,0,0,0,0,0,0,0,0,0,0,0,0,0,0,0,0.001114938338292962,0.001673720681814422
0,0,0,0,0,0,0,0,0,0,0,0,0,0,0,0,0,0,0,0,0,0,0,0,0,0.001477053317493005,0.002217319649637031,0.003126921897670497,0.004142498471769416,0.005155422644507358,0.00602729971149352,0.006619693709314979,0.00682982534424901,0.006619693709314979,0.00602729971149352,0.005155422644507358,0.004142498471769416,0.003126921897670497,0.002217319649637031,0.001477053317493005,0,0,0,0,0,0,0,0,0,0,0,0,0,0,0,0,0,0,0,0,0.001477053317493005,0.002217319649637031,0.003126921897670497,0.004142498471769416,0.005155422644507358,0.00602729971149352,0.006619693709314979,0.00682982534424901,0.006619693709314979,0.00602729971149352,0.005155422644507358,0.004142498471769416,0.003126921897670497,0.002217319649637031,0.001477053317493005,0,0,0,0,0,0,0,0,0,0,0,0,0,0,0,0,0,0,0,0,0,0,0,0,0,0,0,0,0,0,0,0,0,0,0,0,0,0,0,0,0,0,0,0,0,0,0,0,0,0,0,0,0,0,0,0,0,0,0,0,0,0,0,0,0,0,0,0,0,0,0,0,0,0,0,0,0,0,0,0,0,0,0,0,0,0,0,0,0,0,0,0,0,0,0,0,0,0,0,0,0,0,0,0,0,0,0,0,0,0,0,0,0,0,0,0,0,0,0,0,0,0,0,0,0,0,0,0,0.001477053317493005,0.002217319649637031,0.003126921897670497,0.004142498471769416,0.005155422644507358,0.00602729971149352,0.006619693709314979,0.00682982534424901,0.006619693709314979,0.00602729971149352,0.005155422644507358,0.004142498471769416,0.003126921897670497,0.002217319649637031,0.001477053317493005,0,0,0,0,0,0,0,0,0,0,0,0,0.000526659579378242,0.0007906096687200192,0.001114938338292962,0.001477053317493005,0.001838222553862663,0.002149099895885654,0.002360324480688309,0.002435249222508907,0.002360324480688309,0.002149099895885654,0.001838222553862663,0.001477053317493005,0.001114938338292962,0.0007906096687200192,0.000526659579378242,0,0,0,0,0,0,0,0,0,0.0007906096687200192,0.001186845683147944
0,0,0,0,0,0,0,0,0,0,0,0,0,0,0,0,0,0,0,0,0,0,0,0,0,0.001114938338292962,0.001673720681814422,0.002360324480688309,0.003126921897670497,0.00389151717706505,0.004549644515292227,0.004996806964828454,0.005155422644507358,0.004996806964828454,0.004549644515292227,0.00389151717706505,0.003126921897670497,0.002360324480688309,0.001673720681814422,0.001114938338292962,0,0,0,0,0,0,0,0,0,0,0,0,0,0,0,0,0,0,0,0,0.001114938338292962,0.001673720681814422,0.002886984060066552,0.003917531566390516,0.005006455515358012,0.006026697832785232,0.006835029518691116,0.007304522540393012,0.007357131445516763,0.006984893737801133,0.00625184165775336,0.005276021793556151,0.004198547034550972,0.003150773999307427,0.002229876676585925,0.0007906096687200192,0.000526659579378242,0,0,0,0,0,0,0,0,0,0,0,0,0,0,0,0,0,0,0,0,0,0,0,0,0,0,0,0,0,0,0,0,0,0,0,0,0,0,0,0,0,0,0,0,0,0,0,0,0,0,0,0,0,0,0,0,0,0,0,0,0,0,0,0,0,0,0,0,0,0,0,0,0,0,0,0,0,0,0,0,0,0,0,0,0,0,0,0,0,0,0,0,0,0,0,0,0,0,0,0,0,0,0,0,0,0,0,0,0,0,0,0,0,0,0,0,0,0,0,0,0,0,0,0,0,0,0.001838222553862663,0.002759498889318159,0.00389151717706505,0.005155422644507358,0.006416027145122064,0.007501095686486469,0.00823834192849522,0.008499854973448386,0.00823834192849522,0.007501095686486469,0.006416027145122064,0.005155422644507358,0.00389151717706505,0.002759498889318159,0.001838222553862663,0,0,0,0,0,0,0,0,0,0,0,0,0.0007906096687200192,0.001186845683147944,0.001673720681814422,0.002217319649637031,0.002759498889318159,0.003226181053686119,0.003543266711206109,0.003655742070297929,0.003543266711206109,0.003226181053686119,0.002759498889318159,0.002217319649637031,0.001673720681814422,0.001186845683147944,0.0007906096687200192,0,0,0,0,0,0,0,0,0,0.000526659579378242,0.0007906096687200192
0,0,0,0,0,0,0,0,0,0,0,0,0,0,0,0,0,0,0,0,0,0,0,0,0,0.0007906096687200192,0.001186845683147944,0.001673720681814422,0.002217319649637031,0.002759498889318159,0.003226181053686119,0.003543266711206109,0.003655742070297929,0.003543266711206109,0.003226181053686119,0.002759498889318159,0.002217319649637031,0.001673720681814422,0.001186845683147944,0.0007906096687200192,0,0,0,0,0,0,0,0,0,0,0,0,0,0,0,0,0,0,0,0,0.0007906096687200192,0.001186845683147944,0.002464330350534441,0.003404165332784976,0.004433219571132581,0.00544350070332315,0.006302765600524268,0.006881923123984049,0.007086533422412217,0.006881923123984049,0.006302765600524268,0.00544350070332315,0.004433219571132581,0.003404165332784976,0.002464330350534441,0.001186845683147944,0.0007906096687200192,0,0,0,0,0,0,0,0,0,0,0,0,0,0,0,0,0,0,0,0,0,0,0,0,0,0,0,0,0,0,0,0,0,0,0,0,0,0,0,0,0,0,0,0,0,0,0,0,0,0,0,0,0,0,0,0,0,0,0,0,0,0,0,0,0,0,0,0,0,0,0,0,0,0,0,0,0,0,0,0,0,0,0,0,0,0,0,0,0,0,0,0,0,0,0,0,0,0,0,0,0,0,0,0,0,0,0,0,0,0,0,0,0,0,0,0,0,0,0,0,0,0,0,0,0,0,0.002149099895885654,0.003226181053686119,0.004549644515292227,0.00602729971149352,0.007501095686486469,0.008769669333553833,0.009631597514455409,0.009937337239224112,0.009631597514455409,0.008769669333553833,0.007501095686486469,0.00602729971149352,0.005076304094670469,0.004016790722406138,0.003264038234178617,0.001477053317493005,0.001838222553862663,0.002149099895885654,0.002360324480688309,0.002435249222508907,0.002360324480688309,0.002149099895885654,0.001838222553862663,0.001477053317493005,0.001114938338292962,0.0007906096687200192,0.000526659579378242,0.001114938338292962,0.001673720681814422,0.002360324480688309,0.003126921897670497,0.00389151717706505,0.004549644515292227,0.004996806964828454,0.005155422644507358,0.004996806964828454,0.004549644515292227,0.00389151717706505,0.003126921897670497,0.002360324480688309,0.001673720681814422,0.001114938338292962,0,0,0,0,0,0,0,0,0,0,0
0,0,0,0,0,0,0,0,0,0,0,0,0,0,0,0,0,0,0,0,0,0,0,0,0,0.000526659579378242,0.0007906096687200192,0.001114938338292962,0.001477053317493005,0.001838222553862663,0.002149099895885654,0.002360324480688309,0.002435249222508907,0.002360324480688309,0.002149099895885654,0.001838222553862663,0.001477053317493005,0.001114938338292962,0.0007906096687200192,0.000526659579378242,0,0,0,0,0,0,0,0,0,0,0,0,0,0,0,0,0,0,0,0,0.000526659579378242,0.0007906096687200192,0.002229876676585925,0.003150773999307427,0.004198547034550972,0.005276021793556151,0.00625184165775336,0.006984893737801133,0.007357131445516763,0.007304522540393012,0.006835029518691116,0.006026697832785232,0.005006455515358012,0.003917531566390516,0.002886984060066552,0.001673720681814422,0.001114938338292962,0,0,0,0,0,0,0,0,0,0,0,0,0,0,0,0,0,0,0,0,0,0,0,0,0,0,0,0,0,0,0,0,0,0,0,0,0,0,0,0,0,0,0,0,0,0,0,0,0,0,0,0,0,0,0,0,0,0,0,0,0,0,0,0,0,0,0,0,0,0,0,0,0,0,0,0,0,0,0,0,0,0,0,0,0,0,0,0,0,0,0,0,0,0,0,0,0,0,0,0,0,0,0,0,0,0,0,0,0,0,0,0,0,0,0,0,0,0,0,0,0,0,0,0,0,0,0.002360324480688309,0.003543266711206109,0.004996806964828454,0.006619693709314979,0.00823834192849522,0.009631597514455409,0.01057824042755217,0.01091402982406744,0.01057824042755217,0.009631597514455409,0.00823834192849522,0.006619693709314979,0.005787416633548472,0.004730112394354053,0.004034045162502732,0.002217319649637031,0.002759498889318159,0.003226181053686119,0.003543266711206109,0.003655742070297929,0.003543266711206109,0.003226181053686119,0.002759498889318159,0.002217319649637031,0.001673720681814422,0.001186845683147944,0.0007906096687200192,0.001477053317493005,0.002217319649637031,0.003126921897670497,0.004142498471769416,0.005155422644507358,0.00602729971149352,0.006619693709314979,0.00682982534424901,0.006619693709314979,0.00602729971149352,0.005155422644507358,0.004142498471769416,0.003126921897670497,0.002217319649637031,0.001477053317493005,0,0,0,0,0,0,0,0,0,0,0
0,0,0,0,0,0,0,0,0,0,0,0,0,0,0,0,0,0,0,0,0,0,0,0,0,0,0,0,0,0,0,0,0,0,0,0,0,0,0,0,0,0,0,0,0,0,0,0,0,0,0,0,0,0,0,0,0,0,0,0,0,0,0.001477053317493005,0.002217319649637031,0.003126921897670497,0.004142498471769416,0.005155422644507358,0.00602729971149352,0.006619693709314979,0.00682982534424901,0.006619693709314979,0.00602729971149352,0.005155422644507358,0.004142498471769416,0.003126921897670497,0.002217319649637031,0.001477053317493005,0,0,0,0,0,0,0,0,0,0,0,0,0,0,0,0,0,0,0,0,0,0,0,0,0,0,0,0,0,0,0,0,0,0,0,0,0,0,0,0,0,0,0,0,0,0,0,0,0,0,0,0,0,0,0,0,0,0,0,0,0,0,0,0,0,0,0,0,0,0,0,0,0,0,0,0,0,0,0,0,0,0,0,0,0,0,0,0,0,0,0,0,0,0,0,0,0,0,0,0,0,0,0,0,0,0,0,0,0,0,0,0,0,0,0,0,0,0,0,0,0,0,0,0,0,0,0.002435249222508907,0.003655742070297929,0.005155422644507358,0.00682982534424901,0.008499854973448386,0.009937337239224112,0.01091402982406744,0.01126047832023017,0.01091402982406744,0.009937337239224112,0.008499854973448386,0.00682982534424901,0.00627036098280032,0.005329462752112352,0.004795573703197217,0.003126921897670497,0.00389151717706505,0.004549644515292227,0.004996806964828454,0.005155422644507358,0.004996806964828454,0.004549644515292227,0.00389151717706505,0.003126921897670497,0.002360324480688309,0.001673720681814422,0.001114938338292962,0.001838222553862663,0.002759498889318159,0.00389151717706505,0.005155422644507358,0.006416027145122064,0.007501095686486469,0.00823834192849522,0.008499854973448386,0.00823834192849522,0.007501095686486469,0.006416027145122064,0.005155422644507358,0.00389151717706505,0.002759498889318159,0.001838222553862663,0,0,0,0,0,0,0,0,0,0,0
0,0,0,0,0,0,0,0,0,0,0,0,0,0,0,0,0,0,0,0,0,0,0,0,0,0,0,0,0,0,0,0,0,0,0,0,0,0,0,0,0,0,0,0,0,0,0,0,0,0,0,0,0,0,0,0,0,0,0,0,0,0,0.001838222553862663,0.002759498889318159,0.00389151717706505,0.005155422644507358,0.006416027145122064,0.007501095686486469,0.00823834192849522,0.008499854973448386,0.00823834192849522,0.007501095686486469,0.006416027145122064,0.005155422644507358,0.00389151717706505,0.002759498889318159,0.001838222553862663,0,0,0,0,0,0,0,0,0,0,0,0,0,0,0,0,0,0,0,0,0,0,0,0,0,0,0,0,0,0,0,0,0,0,0,0,0,0,0,0,0,0,0,0,0,0,0,0,0,0,0,0,0,0,0,0,0,0,0,0,0,0,0,0,0,0,0,0,0,0,0,0,0,0,0,0,0,0,0,0,0,0,0,0,0,0,0,0,0,0,0,0,0,0,0,0,0,0,0,0,0,0,0,0,0,0,0,0,0,0,0,0,0,0,0,0,0,0,0,0,0,0,0,0,0,0,0.002360324480688309,0.003543266711206109,0.004996806964828454,0.006619693709314979,0.00823834192849522,0.009631597514455409,0.01057824042755217,0.01091402982406744,0.01057824042755217,0.009631597514455409,0.00823834192849522,0.006619693709314979,0.006473860282321458,0.00576058636084314,0.005487246378358806,0.004142498471769416,0.005155422644507358,0.00602729971149352,0.006619693709314979,0.00682982534424901,0.006619693709314979,0.00602729971149352,0.005155422644507358,0.004142498471769416,0.003126921897670497,0.002217319649637031,0.001477053317493005,0.002149099895885654,0.003226181053686119,0.004549644515292227,0.00602729971149352,0.007501095686486469,0.008769669333553833,0.009631597514455409,0.009937337239224112,0.009631597514455409,0.008769669333553833,0.007501095686486469,0.00602729971149352,0.004549644515292227,0.003226181053686119,0.002149099895885654,0,0,0,0,0,0,0,0,0,0,0
