0,0,0,0,0,0,0,0,0,0,0.002170566498932365,0.003258406241621257,0.004595089314298732,0.006087504288580833,0.007576021493251185,0.008857266476336594,0.009727804154707139,0.01003659780606147,0.009727804154707139,0.008857266476336594,0.007576021493251185,0.006087504288580833,0.004595089314298732,0.003258406241621257,0.002170566498932365,0,0,0,0,0,0,0,0,0,0,0,0,0,0.002170566498932365,0.003258406241621257,0.004595089314298732,0.006087504288580833,0.007576021493251185,0.008857266476336594,0.009727804154707139,0.01056325738543971,0.01051841382342716,0.009972204814629557,0.00905307481074419,0.007925726842443496,0.006744189210184387,0.005618730722309566,0.004605815721441271,0.002360324480688309,0.002149099895885654,0.001838222553862663,0.001477053317493005,0.001114938338292962,0.0007906096687200192,0.000526659579378242,0,0,0,0,0,0,0,0,0,0,0,0,0,0,0,0,0,0,0,0,0,0,0,0.00192665229074882,0.00289224764719151,0.0040787229315221,0.005403429974758396,0.006724677254492867,0.00786194422276411,0.008634656513790782,0.008908749934122823,0.008634656513790782,0.00786194422276411,0.006724677254492867,0.005403429974758396,0.0040787229315221
0,0,0,0,0,0,0,0,0,0,0.002459574070543887,0.003692257992156418,0.005206918348201512,0.006898046067643043,0.008584757035478608,0.01003659780606147,0.01102304622964344,0.01137295527799246,0.01102304622964344,0.01003659780606147,0.008584757035478608,0.006898046067643043,0.005206918348201512,0.003692257992156418,0.002459574070543887,0,0,0,0,0,0,0,0,0,0,0,0,0,0.002459574070543887,0.003692257992156418,0.005206918348201512,0.006898046067643043,0.008584757035478608,0.01003659780606147,0.01102304622964344,0.01216356494671248,0.01220989191279139,0.0117103184878759,0.01080207668511564,0.009657544956961202,0.00843309940188763,0.007235524703362526,0.006115316140841816,0.003543266711206109,0.003226181053686119,0.002759498889318159,0.002217319649637031,0.001673720681814422,0.001186845683147944,0.0007906096687200192,0,0,0,0,0,0,0,0,0,0,0,0,0,0,0,0,0,0,0,0,0,0,0,0.002252484732469176,0.003381380075221943,0.004768510216057042,0.006317249656075261,0.00786194422276411,0.009191544013589289,0.01009493620661047,0.01041538388029435,0.01009493620661047,0.009191544013589289,0.00786194422276411,0.006317249656075261,0.004768510216057042
0,0,0,0,0,0,0,0,0,0,0.002618202969392012,0.003930388173545688,0.005542735729698243,0.007342931816366148,0.009138426295423087,0.01068390275093958,0.01173397163185085,0.0121064478749436,0.01173397163185085,0.01068390275093958,0.009138426295423087,0.007342931816366148,0.005542735729698243,0.003930388173545688,0.002618202969392012,0,0,0,0,0,0,0,0,0,0,0,0,0,0.002618202969392012,0.003930388173545688,0.005542735729698243,0.007342931816366148,0.009138426295423087,0.01068390275093958,0.01173397163185085,0.01322138621323656,0.01340769231366527,0.01304422723162789,0.01226534819309358,0.0112344489934312,0.01009238024499047,0.008927195138374141,0.00777362561389937,0.004996806964828454,0.004549644515292227,0.00389151717706505,0.003126921897670497,0.002360324480688309,0.001673720681814422,0.001114938338292962,0,0,0,0,0,0,0,0,0,0,0,0,0,0,0,0,0,0,0,0,0,0,0,0.002473870510441145,0.003713719490349219,0.00523718391170151,0.006938141424882182,0.008634656513790782,0.01009493620661047,0.01108711842807573,0.01143906134632895,0.01108711842807573,0.01009493620661047,0.008634656513790782,0.006938141424882182,0.00523718391170151
0,0,0,0,0,0,0,0,0,0,0.002618202969392012,0.003930388173545688,0.005542735729698243,0.007342931816366148,0.009138426295423087,0.01068390275093958,0.01173397163185085,0.0121064478749436,0.01173397163185085,0.01068390275093958,0.009138426295423087,0.007342931816366148,0.005542735729698243,0.003930388173545688,0.002618202969392012,0,0,0,0,0,0,0,0,0,0,0,0,0,0.002618202969392012,0.003930388173545688,0.005542735729698243,0.007342931816366148,0.009138426295423087,0.01068390275093958,0.01173397163185085,0.0135835011924366,0.01395129128148788,0.01381082464861008,0.0132809247671925,0.01249835446087351,0.01157003544119176,0.01055008188286067,0.009448028313641022,0.006619693709314979,0.00602729971149352,0.005155422644507358,0.004142498471769416,0.003126921897670497,0.002217319649637031,0.001477053317493005,0,0,0,0,0,0,0,0,0,0,0,0,0,0,0,0,0,0,0,0,0,0,0,0.002552399590154092,0.003831605601468734,0.005403429974758396,0.007158381675418621,0.008908749934122823,0.01041538388029435,0.01143906134632895,0.0118021761320527,0.01143906134632895,0.01041538388029435,0.008908749934122823,0.007158381675418621,0.005403429974758396
0,0,0,0,0,0,0,0,0,0,0.002459574070543887,0.003692257992156418,0.005206918348201512,0.006898046067643043,0.008584757035478608,0.01003659780606147,0.01102304622964344,0.01137295527799246,0.01102304622964344,0.01003659780606147,0.008584757035478608,0.006898046067643043,0.005206918348201512,0.003692257992156418,0.002459574070543887,0,0,0.000526659579378242,0.0007906096687200192,0.001114938338292962,0.001477053317493005,0.001838222553862663,0.002149099895885654,0.002360324480688309,0.002435249222508907,0.002360324480688309,0.002149099895885654,0.001838222553862663,0.003936627388036892,0.004807196330449381,0.00599752801692153,0.007424705647021285,0.008584757035478608,0.01003659780606147,0.01102304622964344,0.01321117783185512,0.0137825451189616,0.01392811498312652,0.01374017967998597,0.01331407321276511,0.01270801403468798,0.01193059992065164,0.01095942904399227,0.00823834192849522,0.007501095686486469,0.006416027145122064,0.005155422644507358,0.00389151717706505,0.003286158468696401,0.002628832222582682,0.001114938338292962,0.001477053317493005,0.001838222553862663,0.002149099895885654,0.002360324480688309,0.002435249222508907,0.002360324480688309,0.002149099895885654,0.001838222553862663,0.001477053317493005,0.001114938338292962,0.0007906096687200192,0.000526659579378242,0,0,0,0,0,0,0,0,0,0,0.002473870510441145,0.003713719490349219,0.00523718391170151,0.006938141424882182,0.008634656513790782,0.01009493620661047,0.01108711842807573,0.01143906134632895,0.01108711842807573,0.01009493620661047,0.008634656513790782,0.006938141424882182,0.00523718391170151
0,0,0,0,0,0,0,0,0,0,0.002170566498932365,0.003258406241621257,0.004595089314298732,0.006087504288580833,0.007576021493251185,0.008857266476336594,0.009727804154707139,0.01003659780606147,0.009727804154707139,0.008857266476336594,0.007576021493251185,0.006087504288580833,0.004595089314298732,0.003258406241621257,0.002170566498932365,0,0,0.0007906096687200192,0.001186845683147944,0.001673720681814422,0.002217319649637031,0.002759498889318159,0.003226181053686119,0.003543266711206109,0.003655742070297929,0.003543266711206109,0.003226181053686119,0.002759498889318159,0.004387886148569396,0.004932126923435679,0.005781934997446676,0.006878113957300852,0.007576021493251185,0.008857266476336594,0.009727804154707139,0.01218569770194713,0.01295398520839326,0.01340691099162882,0.01360332120474471,0.0135885999750673,0.01336475864785256,0.01289000375607667,0.01210790373815648,0.009631597514455409,0.008769669333553833,0.007501095686486469,0.00602729971149352,0.004549644515292227,0.004016790722406138,0.003335945579033599,0.001673720681814422,0.002217319649637031,0.002759498889318159,0.003226181053686119,0.003543266711206109,0.003655742070297929,0.003543266711206109,0.003226181053686119,0.002759498889318159,0.002217319649637031,0.001673720681814422,0.001186845683147944,0.0007906096687200192,0,0,0,0,0,0,0,0,0,0,0.002252484732469176,0.003381380075221943,0.004768510216057042,0.006317249656075261,0.00786194422276411,0.009191544013589289,0.01009493620661047,0.01041538388029435,0.01009493620661047,0.009191544013589289,0.00786194422276411,0.006317249656075261,0.004768510216057042
0.001838222553862663,0.001477053317493005,0.001114938338292962,0.0007906096687200192,0.000526659579378242,0,0,0,0,0,0.001799462830561817,0.002701313653164783,0.003809462842193258,0.005046718312281573,0.006280742417865789,0.007342931816366148,0.008064632900208493,0.008320631828690483,0.008064632900208493,0.007342931816366148,0.006280742417865789,0.005046718312281573,0.003809462842193258,0.002701313653164783,0.001799462830561817,0,0,0.001114938338292962,0.001673720681814422,0.002360324480688309,0.003126921897670497,0.00389151717706505,0.004549644515292227,0.004996806964828454,0.005155422644507358,0.004996806964828454,0.004549644515292227,0.00389151717706505,0.004926384728232315,0.005061638133853092,0.00548318352400768,0.006161656650574536,0.006280742417865789,0.007342931816366148,0.008064632900208493,0.01068095630937879,0.0116078996114146,0.0123397387811946,0.01290043612718077,0.01328506024077679,0.01344106035664867,0.01380621366009519,0.01350410232334927,0.01169317876584513,0.01110865083194841,0.01007656448235788,0.008768793605200633,0.007357131445516763,0.007093454272007978,0.006394369643191041,0.004509424376573964,0.004965144451533159,0.005368570494558055,0.005664582853585189,0.005787416633548472,0.0056820822238856,0.004996806964828454,0.004549644515292227,0.00389151717706505,0.003126921897670497,0.002360324480688309,0.001673720681814422,0.001114938338292962,0,0,0,0,0,0,0,0,0,0,0.00192665229074882,0.00289224764719151,0.0040787229315221,0.005403429974758396,0.006724677254492867,0.00786194422276411,0.008634656513790782,0.008908749934122823,0.008634656513790782,0.00786194422276411,0.006724677254492867,0.005403429974758396,0.0040787229315221
0.002759498889318159,0.002217319649637031,0.001673720681814422,0.001186845683147944,0.0007906096687200192,0,0,0,0,0,0.00140142306154943,0.00210378518840621,0.002966812644581529,0.003930388173545688,0.004891447113303666,0.00571868104862589,0.006280742417865789,0.006480114583833003,0.006280742417865789,0.00571868104862589,0.004891447113303666,0.003930388173545688,0.002966812644581529,0.00210378518840621,0.00140142306154943,0,0,0.001477053317493005,0.002217319649637031,0.003126921897670497,0.004142498471769416,0.005155422644507358,0.00602729971149352,0.006619693709314979,0.00682982534424901,0.006619693709314979,0.00602729971149352,0.005155422644507358,0.005543921533318846,0.005230707086076708,0.00518413229421856,0.005407441491038693,0.004891447113303666,0.00571868104862589,0.006280742417865789,0.008915363806341909,0.009936484488163718,0.01087410369313325,0.01172127245755268,0.01243024314699407,0.01290414988380564,0.01380842468119367,0.01384874706492754,0.01258775050588186,0.01215465688886114,0.01125935386276654,0.01005600639793513,0.008698689355713466,0.008788537458088863,0.008195835583352046,0.006353102951356616,0.006901997361087575,0.007372742294144389,0.007701020393307942,0.007806539392462923,0.007620435012969029,0.006619693709314979,0.00602729971149352,0.005155422644507358,0.004142498471769416,0.003126921897670497,0.002217319649637031,0.001477053317493005,0,0,0,0,0,0,0,0,0,0,0.001548108607266416,0.002323986273217453,0.003277345947301228,0.004341777960066483,0.005403429974758396,0.006317249656075261,0.006938141424882182,0.007158381675418621,0.006938141424882182,0.006317249656075261,0.005403429974758396,0.004341777960066483,0.003277345947301228
0.00389151717706505,0.003126921897670497,0.002360324480688309,0.001673720681814422,0.001114938338292962,0,0,0,0,0,0.001025303014595815,0.001539162123784439,0.002170566498932365,0.002875533415593072,0.003578659156258897,0.004183876432135671,0.004595089314298732,0.004740953106897289,0.004595089314298732,0.004183876432135671,0.003578659156258897,0.002875533415593072,0.002170566498932365,0.001539162123784439,0.001025303014595815,0,0,0.001838222553862663,0.002759498889318159,0.00389151717706505,0.005155422644507358,0.006416027145122064,0.007501095686486469,0.00823834192849522,0.008499854973448386,0.00823834192849522,0.007501095686486469,0.006416027145122064,0.006180725659103173,0.005430679300849488,0.004930065388250523,0.004713755969455734,0.003578659156258897,0.004183876432135671,0.004595089314298732,0.007101277587585598,0.008138356025504841,0.009180683396964125,0.01019835286557388,0.01111387534408829,0.01180216401338777,0.01323234088962957,0.01361305352047767,0.01293856490824048,0.01275851941212591,0.01212985910556027,0.01116933822460721,0.009993613929656907,0.01053691190957613,0.01011663033483492,0.008441161692357277,0.009046939821572408,0.009542949042792561,0.009861420167174778,0.009912062610309642,0.009614793311741348,0.00823834192849522,0.007501095686486469,0.006416027145122064,0.005155422644507358,0.00389151717706505,0.002759498889318159,0.001838222553862663,0,0,0,0,0,0,0,0,0,0,0.001168573684944738,0.001754236873503379,0.002473870510441145,0.003277345947301228,0.0040787229315221,0.004768510216057042,0.00523718391170151,0.005403429974758396,0.00523718391170151,0.004768510216057042,0.0040787229315221,0.003277345947301228,0.002473870510441145
0.005155422644507358,0.004142498471769416,0.003126921897670497,0.002217319649637031,0.002003712896871247,0.0007906096687200192,0.001114938338292962,0.001477053317493005,0.001838222553862663,0.002149099895885654,0.002360324480688309,0.002435249222508907,0.002360324480688309,0.002149099895885654,0.001838222553862663,0.001477053317493005,0.001114938338292962,0.0007906096687200192,0.000526659579378242,0,0,0,0,0,0,0,0,0.002149099895885654,0.003226181053686119,0.004549644515292227,0.00602729971149352,0.007501095686486469,0.008769669333553833,0.009631597514455409,0.009937337239224112,0.009631597514455409,0.008769669333553833,0.007501095686486469,0.00602729971149352,0.004549644515292227,0.003226181053686119,0.002149099895885654,0,0,0,0.002149099895885654,0.003226181053686119,0.004549644515292227,0.00602729971149352,0.007501095686486469,0.008769669333553833,0.01110865083194841,0.01215465688886114,0.01275851941212591,0.01291216780532325,0.01265651833099383,0.01205459942298704,0.01116933822460721,0.01220510629382078,0.01199497465888675,0.01057694422678575,0.01118272235600088,0.01164359415825588,0.01189659123122433,0.01184891716409244,0.01141439055671712,0.009631597514455409,0.008769669333553833,0.007501095686486469,0.00602729971149352,0.004549644515292227,0.003226181053686119,0.002149099895885654,0,0,0,0,0,0,0,0,0,0,0.0008286428246279664,0.001243940212460898,0.001754236873503379,0.002323986273217453,0.00289224764719151,0.003381380075221943,0.003713719490349219,0.003831605601468734,0.003713719490349219,0.003381380075221943,0.00289224764719151,0.002323986273217453,0.001754236873503379
0.006416027145122064,0.005155422644507358,0.00389151717706505,0.002759498889318159,0.002628832222582682,0.001186845683147944,0.001673720681814422,0.002217319649637031,0.002759498889318159,0.003226181053686119,0.003543266711206109,0.003655742070297929,0.003543266711206109,0.003226181053686119,0.002759498889318159,0.002217319649637031,0.001673720681814422,0.001186845683147944,0.0007906096687200192,0,0,0,0,0,0,0,0,0.002360324480688309,0.003543266711206109,0.004996806964828454,0.006619693709314979,0.00823834192849522,0.009631597514455409,0.01057824042755217,0.01091402982406744,0.01057824042755217,0.009631597514455409,0.00823834192849522,0.006619693709314979,0.004996806964828454,0.003543266711206109,0.002360324480688309,0,0,0,0.001838222553862663,0.002759498889318159,0.00389151717706505,0.005155422644507358,0.006416027145122064,0.007501095686486469,0.01007656448235788,0.01125935386276654,0.01212985910556027,0.01265651833099383,0.01283205429024413,0.01265651833099383,0.01212985910556027,0.01361967834345485,0.01361983119356399,0.01249790265131492,0.01303572085443704,0.01339376457300258,0.01352311469152046,0.01333773931687032,0.0127522523779301,0.01057824042755217,0.009631597514455409,0.00823834192849522,0.006619693709314979,0.004996806964828454,0.003543266711206109,0.002360324480688309,0,0,0,0,0,0,0,0,0,0,0,0,0,0,0,0,0,0,0,0,0,0,0
0.007501095686486469,0.00602729971149352,0.004549644515292227,0.003226181053686119,0.003264038234178617,0.001673720681814422,0.002360324480688309,0.003126921897670497,0.00389151717706505,0.004549644515292227,0.004996806964828454,0.005155422644507358,0.004996806964828454,0.004549644515292227,0.00389151717706505,0.003126921897670497,0.002360324480688309,0.001673720681814422,0.001114938338292962,0,0,0,0,0,0,0,0,0.002435249222508907,0.003655742070297929,0.005155422644507358,0.00682982534424901,0.008499854973448386,0.009937337239224112,0.01091402982406744,0.01126047832023017,0.01091402982406744,0.009937337239224112,0.008499854973448386,0.00682982534424901,0.005155422644507358,0.003655742070297929,0.002435249222508907,0,0,0,0.001477053317493005,0.002217319649637031,0.003126921897670497,0.004142498471769416,0.005155422644507358,0.00602729971149352,0.008768793605200633,0.01005600639793513,0.01116933822460721,0.01205459942298704,0.01265651833099383,0.01291216780532325,0.01275851941212591,0.01458990611137005,0.01476439290224634,0.01392509197806119,0.01433092103073548,0.01452715468494191,0.01448698175451634,0.01414021087775355,0.01340957821611582,0.01091402982406744,0.009937337239224112,0.008499854973448386,0.00682982534424901,0.005155422644507358,0.003655742070297929,0.002435249222508907,0,0,0,0,0,0,0,0,0,0,0,0,0,0,0,0,0,0,0,0,0,0,0
0.00823834192849522,0.006619693709314979,0.004996806964828454,0.003543266711206109,0.003837377798181314,0.002217319649637031,0.003126921897670497,0.004142498471769416,0.005155422644507358,0.00602729971149352,0.006619693709314979,0.00682982534424901,0.006619693709314979,0.00602729971149352,0.005155422644507358,0.004142498471769416,0.003126921897670497,0.002217319649637031,0.001477053317493005,0,0,0,0,0,0,0,0,0.002360324480688309,0.003543266711206109,0.004996806964828454,0.006619693709314979,0.00823834192849522,0.009631597514455409,0.01057824042755217,0.01091402982406744,0.01057824042755217,0.009631597514455409,0.00823834192849522,0.006619693709314979,0.004996806964828454,0.003543266711206109,0.002360324480688309,0,0,0,0.001114938338292962,0.001673720681814422,0.002360324480688309,0.003126921897670497,0.00389151717706505,0.004549644515292227,0.007357131445516763,0.008698689355713466,0.009993613929656907,0.01116933822460721,0.01212985910556027,0.01275851941212591,0.01293856490824048,0.01494807498657017,0.01523644547705124,0.01462840447928386,0.0148580356378102,0.0148580356378102,0.01462840447928386,0.01412150713875827,0.01327435430475575,0.01057824042755217,0.009631597514455409,0.00823834192849522,0.006619693709314979,0.004996806964828454,0.003543266711206109,0.002360324480688309,0,0,0,0,0,0,0,0,0,0,0,0,0,0,0,0,0,0,0,0,0,0,0
0.008499854973448386,0.00682982534424901,0.005155422644507358,0.003655742070297929,0.00427347177637157,0.002759498889318159,0.00389151717706505,0.005155422644507358,0.006416027145122064,0.007501095686486469,0.00823834192849522,0.008499854973448386,0.00823834192849522,0.007501095686486469,0.006416027145122064,0.005155422644507358,0.00389151717706505,0.002759498889318159,0.001838222553862663,0,0,0,0,0,0,0,0,0.002149099895885654,0.003226181053686119,0.004549644515292227,0.00602729971149352,0.007501095686486469,0.008769669333553833,0.009631597514455409,0.009937337239224112,0.009631597514455409,0.008769669333553833,0.007501095686486469,0.00602729971149352,0.004549644515292227,0.003226181053686119,0.002149099895885654,0,0,0,0.0007906096687200192,0.001186845683147944,0.001673720681814422,0.002217319649637031,0.002759498889318159,0.003226181053686119,0.005978515933715015,0.007311484140595859,0.008698689355713466,0.01005600639793513,0.01125935386276654,0.01215465688886114,0.01258775050588186,0.01459642389926377,0.01493082054647357,0.01448698175451634,0.01452715468494191,0.01433092103073548,0.01392509197806119,0.01328733958475334,0.01237258646173302,0.009631597514455409,0.008769669333553833,0.007501095686486469,0.00602729971149352,0.004549644515292227,0.003226181053686119,0.002149099895885654,0,0,0,0,0,0,0,0,0,0,0,0,0,0,0,0,0,0,0,0,0,0,0
0.00823834192849522,0.006619693709314979,0.004996806964828454,0.003543266711206109,0.004509424376573964,0.003226181053686119,0.004549644515292227,0.00602729971149352,0.007501095686486469,0.008769669333553833,0.009631597514455409,0.009937337239224112,0.009631597514455409,0.008769669333553833,0.007501095686486469,0.00602729971149352,0.004549644515292227,0.003226181053686119,0.002149099895885654,0,0,0,0,0,0,0,0,0.001838222553862663,0.002759498889318159,0.00389151717706505,0.005155422644507358,0.006416027145122064,0.007501095686486469,0.00823834192849522,0.008499854973448386,0.00823834192849522,0.007501095686486469,0.006416027145122064,0.005155422644507358,0.00389151717706505,0.002759498889318159,0.001838222553862663,0,0,0,0.000526659579378242,0.0007906096687200192,0.001114938338292962,0.001477053317493005,0.001838222553862663,0.002149099895885654,0.004720648961376619,0.005978515933715015,0.007357131445516763,0.008768793605200633,0.01007656448235788,0.01110865083194841,0.01169317876584513,0.01354286204665012,0.01386439889624857,0.01352311469152046,0.01339376457300258,0.01303572085443704,0.01249790265131492,0.01178160863970133,0.01086017945413669,0.00823834192849522,0.007501095686486469,0.006416027145122064,0.005155422644507358,0.00389151717706505,0.002759498889318159,0.001838222553862663,0,0,0,0,0,0,0,0,0,0,0,0,0,0,0,0,0,0,0,0,0,0,0
0.007501095686486469,0.00602729971149352,0.004549644515292227,0.003226181053686119,0.004509424376573964,0.003543266711206109,0.004996806964828454,0.006619693709314979,0.00823834192849522,0.009631597514455409,0.01057824042755217,0.01091402982406744,0.01057824042755217,0.009631597514455409,0.00823834192849522,0.006619693709314979,0.004996806964828454,0.003543266711206109,0.002360324480688309,0,0,0,0,0,0,0,0,0.001477053317493005,0.002217319649637031,0.003126921897670497,0.004142498471769416,0.005155422644507358,0.00602729971149352,0.006619693709314979,0.00682982534424901,0.006619693709314979,0.00602729971149352,0.005155422644507358,0.004142498471769416,0.003126921897670497,0.002217319649637031,0.001477053317493005,0,0,0,0,0,0,0,0,0,0.002149099895885654,0.003226181053686119,0.004549644515292227,0.00602729971149352,0.007501095686486469,0.008769669333553833,0.009631597514455409,0.01141439055671712,0.01184891716409244,0.01189659123122433,0.01164359415825588,0.01118272235600088,0.01057694422678575,0.009845874763001097,0.008978925240134664,0.006619693709314979,0.00602729971149352,0.005155422644507358,0.004142498471769416,0.003126921897670497,0.002217319649637031,0.001477053317493005,0,0,0,0,0,0,0,0,0,0,0,0,0,0,0,0,0,0,0,0,0,0,0
0.006416027145122064,0.005155422644507358,0.00389151717706505,0.002759498889318159,0.00427347177637157,0.003655742070297929,0.005155422644507358,0.00682982534424901,0.008499854973448386,0.009937337239224112,0.01091402982406744,0.01126047832023017,0.01091402982406744,0.009937337239224112,0.008499854973448386,0.00682982534424901,0.005155422644507358,0.003655742070297929,0.002435249222508907,0,0,0,0,0,0,0,0,0.001114938338292962,0.001673720681814422,0.002360324480688309,0.003126921897670497,0.00389151717706505,0.004549644515292227,0.004996806964828454,0.005155422644507358,0.004996806964828454,0.004549644515292227,0.00389151717706505,0.003126921897670497,0.002360324480688309,0.001673720681814422,0.001114938338292962,0,0,0,0,0,0,0,0,0,0.001838222553862663,0.002759498889318159,0.00389151717706505,0.005155422644507358,0.006416027145122064,0.007501095686486469,0.00823834192849522,0.009614793311741348,0.009912062610309642,0.009861420167174778,0.009542949042792561,0.009046939821572408,0.008441161692357277,0.007756305854146613,0.006993645198370021,0.004996806964828454,0.004549644515292227,0.00389151717706505,0.003126921897670497,0.002360324480688309,0.001673720681814422,0.001114938338292962,0,0,0,0,0,0,0,0,0,0,0,0,0,0,0,0,0,0,0,0,0,0,0
0.005155422644507358,0.004142498471769416,0.003126921897670497,0.002217319649637031,0.003837377798181314,0.003543266711206109,0.004996806964828454,0.006619693709314979,0.00823834192849522,0.009631597514455409,0.01057824042755217,0.01091402982406744,0.01057824042755217,0.009631597514455409,0.00823834192849522,0.006619693709314979,0.004996806964828454,0.003543266711206109,0.002360324480688309,0,0,0,0,0,0,0,0,0.0007906096687200192,0.001186845683147944,0.001673720681814422,0.002217319649637031,0.002759498889318159,0.003226181053686119,0.003543266711206109,0.003655742070297929,0.003543266711206109,0.003226181053686119,0.002759498889318159,0.002217319649637031,0.001673720681814422,0.001186845683147944,0.0007906096687200192,0,0,0,0,0,0,0,0,0,0.001477053317493005,0.002217319649637031,0.003126921897670497,0.004142498471769416,0.005155422644507358,0.00602729971149352,0.006619693709314979,0.007620435012969029,0.007806539392462923,0.007701020393307942,0.007372742294144389,0.006901997361087575,0.006353102951356616,0.00576058636084314,0.005132795387790934,0.003543266711206109,0.003226181053686119,0.002759498889318159,0.002217319649637031,0.001673720681814422,0.001186845683147944,0.0007906096687200192,0,0,0,0,0,0,0,0,0,0,0,0,0,0,0,0,0,0,0,0,0,0,0
0.00389151717706505,0.003126921897670497,0.002360324480688309,0.001673720681814422,0.003264038234178617,0.003226181053686119,0.004549644515292227,0.00602729971149352,0.007501095686486469,0.008769669333553833,0.009631597514455409,0.009937337239224112,0.009631597514455409,0.008769669333553833,0.007501095686486469,0.00602729971149352,0.004549644515292227,0.003226181053686119,0.002149099895885654,0,0,0,0,0,0,0,0,0.000526659579378242,0.0007906096687200192,0.001114938338292962,0.001477053317493005,0.001838222553862663,0.002149099895885654,0.002360324480688309,0.002435249222508907,0.002360324480688309,0.002149099895885654,0.001838222553862663,0.001477053317493005,0.001114938338292962,0.0007906096687200192,0.000526659579378242,0,0,0,0,0,0,0,0,0,0.001114938338292962,0.001673720681814422,0.002360324480688309,0.003126921897670497,0.00389151717706505,0.004549644515292227,0.004996806964828454,0.0056820822238856,0.005787416633548472,0.005664582853585189,0.005368570494558055,0.004965144451533159,0.004509424376573964,0.004034045162502732,0.003550187560801869,0.002360324480688309,0.002149099895885654,0.001838222553862663,0.001477053317493005,0.001114938338292962,0.0007906096687200192,0.000526659579378242,0,0,0,0,0,0,0,0,0,0,0,0,0,0,0,0,0,0,0,0,0,0,0
0.002759498889318159,0.002217319649637031,0.001673720681814422,0.001186845683147944,0.002628832222582682,0.002759498889318159,0.004418176756443292,0.005946032313227377,0.007530965483415026,0.008978149003979474,0.01007656448235788,0.01064895486933404,0.01059866640918353,0.009936344908995375,0.008776351625810374,0.007304522540393012,0.005729739730927713,0.004236552206811163,0.002953160892155625,0.0007906096687200192,0.000526659579378242,0,0,0,0,0,0,0,0,0,0,0,0,0,0,0,0,0,0,0,0,0,0,0,0,0,0,0,0,0,0,0.0007906096687200192,0.001186845683147944,0.001673720681814422,0.002217319649637031,0.002759498889318159,0.003226181053686119,0.003543266711206109,0.003655742070297929,0.003543266711206109,0.003226181053686119,0.002759498889318159,0.002217319649637031,0.001673720681814422,0.001186845683147944,0.0007906096687200192,0,0,0,0,0,0,0,0,0,0,0,0,0,0,0,0,0,0,0.000526659579378242,0.0007906096687200192,0.001114938338292962,0.001477053317493005,0.001838222553862663,0.002149099895885654,0.002360324480688309,0.002435249222508907,0.002360324480688309,0.002149099895885654,0.001838222553862663,0.001477053317493005
0.001838222553862663,0.001477053317493005,0.001114938338292962,0.0007906096687200192,0.002003712896871247,0.002217319649637031,0.003917531566390516,0.00532934415491736,0.00682914332632178,0.008244619361130551,0.009379192598633138,0.01005600639793513,0.01016296042052109,0.009683041781791449,0.008698689355713466,0.007368679525455534,0.005886420786988656,0.004434639299274063,0.003150773999307427,0.001186845683147944,0.0007906096687200192,0,0,0,0,0,0,0,0,0,0,0,0,0,0,0,0,0,0,0,0,0,0,0,0,0,0,0,0,0,0,0.000526659579378242,0.0007906096687200192,0.001114938338292962,0.001477053317493005,0.001838222553862663,0.002149099895885654,0.002360324480688309,0.002435249222508907,0.002360324480688309,0.002149099895885654,0.001838222553862663,0.001477053317493005,0.001114938338292962,0.0007906096687200192,0.000526659579378242,0,0,0,0,0,0,0,0,0,0,0,0,0,0,0,0,0,0,0.0007906096687200192,0.001186845683147944,0.001673720681814422,0.002217319649637031,0.002759498889318159,0.003226181053686119,0.003543266711206109,0.003655742070297929,0.003543266711206109,0.003226181053686119,0.002759498889318159,0.002217319649637031
0,0,0,0,0.001114938338292962,0.001673720681814422,0.003475262818981272,0.004800642579484919,0.00625184165775336,0.007676566412962724,0.008888324141893503,0.009705067159799585,0.009993613929656907,0.009705067159799585,0.008888324141893503,0.007676566412962724,0.00625184165775336,0.004800642579484919,0.003475262818981272,0.001673720681814422,0.001114938338292962,0,0,0,0,0,0,0,0,0,0,0,0,0,0,0,0,0,0,0,0,0,0,0,0,0,0,0,0,0,0,0,0,0,0,0,0,0,0,0,0,0,0,0,0,0,0,0,0,0,0,0,0,0,0,0,0,0,0,0,0,0,0,0,0.001114938338292962,0.001673720681814422,0.002360324480688309,0.003126921897670497,0.00389151717706505,0.004549644515292227,0.004996806964828454,0.005155422644507358,0.004996806964828454,0.004549644515292227,0.00389151717706505,0.003126921897670497
0,0,0,0,0.0007906096687200192,0.001186845683147944,0.003150773999307427,0.004434639299274063,0.005886420786988656,0.007368679525455534,0.008698689355713466,0.009683041781791449,0.01016296042052109,0.01005600639793513,0.009379192598633138,0.008244619361130551,0.00682914332632178,0.00532934415491736,0.003917531566390516,0.002217319649637031,0.001477053317493005,0,0,0,0,0,0,0,0,0,0,0,0,0,0,0,0,0,0,0,0,0,0,0,0,0,0,0,0,0,0,0,0,0,0,0,0,0,0,0,0,0,0,0,0,0,0,0,0,0,0,0,0,0,0,0,0,0,0,0,0,0,0,0,0.001477053317493005,0.002217319649637031,0.003126921897670497,0.004142498471769416,0.005155422644507358,0.00602729971149352,0.006619693709314979,0.00682982534424901,0.006619693709314979,0.00602729971149352,0.005155422644507358,0.004142498471769416
0,0,0,0,0.000526659579378242,0.0007906096687200192,0.002953160892155625,0.004236552206811163,0.005729739730927713,0.007304522540393012,0.008776351625810374,0.009936344908995375,0.01059866640918353,0.01064895486933404,0.01007656448235788,0.008978149003979474,0.007530965483415026,0.005946032313227377,0.004418176756443292,0.002759498889318159,0.001838222553862663,0,0,0,0,0,0,0,0,0,0,0,0,0,0,0,0,0,0,0,0,0,0,0,0,0,0,0,0,0,0,0,0,0,0,0,0,0,0,0,0,0,0,0,0,0,0,0,0,0,0,0,0,0,0,0,0,0,0,0,0,0,0,0,0.001838222553862663,0.002759498889318159,0.00389151717706505,0.005155422644507358,0.006416027145122064,0.007501095686486469,0.00823834192849522,0.008499854973448386,0.008765001507873462,0.008291705355206489,0.007530965483415026,0.006632475962000363
0,0,0,0,0,0,0.002149099895885654,0.003226181053686119,0.004549644515292227,0.00602729971149352,0.007501095686486469,0.008769669333553833,0.009631597514455409,0.009937337239224112,0.009631597514455409,0.008769669333553833,0.007501095686486469,0.00602729971149352,0.004549644515292227,0.003226181053686119,0.002149099895885654,0,0,0,0,0,0,0,0,0,0,0,0,0,0,0,0,0,0,0,0,0,0,0,0,0,0,0,0,0,0,0,0,0,0,0,0,0,0,0,0,0,0,0,0,0,0,0,0,0,0,0,0,0,0,0,0,0,0,0,0,0,0,0,0.002149099895885654,0.003226181053686119,0.004549644515292227,0.00602729971149352,0.007501095686486469,0.008769669333553833,0.009631597514455409,0.009937337239224112,0.01042220718317543,0.009956515016701778,0.009174816368300892,0.008244619361130551
0,0,0,0,0,0,0.002360324480688309,0.003543266711206109,0.004996806964828454,0.006619693709314979,0.00823834192849522,0.009631597514455409,0.01057824042755217,0.01091402982406744,0.01057824042755217,0.009631597514455409,0.00823834192849522,0.006619693709314979,0.004996806964828454,0.003543266711206109,0.002360324480688309,0,0,0,0,0,0,0,0,0,0,0,0,0,0,0,0,0,0,0,0,0,0,0,0,0,0,0,0,0,0,0,0,0,0,0,0.000526659579378242,0.0007906096687200192,0.001114938338292962,0.001477053317493005,0.001838222553862663,0.002149099895885654,0.002360324480688309,0.002435249222508907,0.002360324480688309,0.002149099895885654,0.001838222553862663,0.001477053317493005,0.001114938338292962,0.0007906096687200192,0.000526659579378242,0,0,0,0,0,0,0,0,0,0,0,0,0,0.002360324480688309,0.003543266711206109,0.004996806964828454,0.006619693709314979,0.00823834192849522,0.009631597514455409,0.01057824042755217,0.01091402982406744,0.01169317876584513,0.01130531819626983,0.01059866640918353,0.009746615606985476
0,0,0,0,0,0,0.002435249222508907,0.003655742070297929,0.005155422644507358,0.00682982534424901,0.008499854973448386,0.009937337239224112,0.01091402982406744,0.01126047832023017,0.01091402982406744,0.009937337239224112,0.008499854973448386,0.00682982534424901,0.005155422644507358,0.003655742070297929,0.002435249222508907,0,0,0,0,0,0,0,0,0,0,0,0,0,0,0,0,0,0,0,0,0,0,0,0,0,0,0,0,0,0,0,0,0,0,0,0.0007906096687200192,0.001186845683147944,0.001673720681814422,0.002217319649637031,0.002759498889318159,0.003226181053686119,0.003543266711206109,0.003655742070297929,0.003543266711206109,0.003226181053686119,0.002759498889318159,0.002217319649637031,0.001673720681814422,0.001186845683147944,0.0007906096687200192,0,0,0,0,0,0,0,0,0,0,0,0,0,0.002435249222508907,0.003655742070297929,0.005155422644507358,0.00682982534424901,0.008499854973448386,0.009937337239224112,0.01091402982406744,0.01126047832023017,0.01239108314156044,0.01215465688886114,0.01162677687111888,0.01097232381601843
0,0,0,0,0,0,0.002360324480688309,0.003543266711206109,0.004996806964828454,0.006619693709314979,0.00823834192849522,0.009631597514455409,0.01057824042755217,0.01091402982406744,0.01057824042755217,0.009631597514455409,0.00823834192849522,0.006619693709314979,0.004996806964828454,0.003543266711206109,0.002360324480688309,0,0,0,0,0,0,0,0,0,0,0,0,0,0,0,0,0,0,0,0,0,0,0,0,0,0,0,0,0,0,0,0,0,0,0,0.001114938338292962,0.001673720681814422,0.002360324480688309,0.003126921897670497,0.00389151717706505,0.004549644515292227,0.004996806964828454,0.005155422644507358,0.004996806964828454,0.004549644515292227,0.00389151717706505,0.003126921897670497,0.002360324480688309,0.001673720681814422,0.001114938338292962,0,0,0,0,0,0,0,0,0,0,0,0,0,0.002360324480688309,0.003543266711206109,0.004996806964828454,0.006619693709314979,0.00823834192849522,0.009631597514455409,0.01057824042755217,0.01091402982406744,0.01241646298141483,0.01239109640377357,0.01212985910556027,0.01177511635382234
0,0,0,0,0,0,0.002149099895885654,0.003226181053686119,0.004549644515292227,0.00602729971149352,0.007501095686486469,0.008769669333553833,0.009631597514455409,0.009937337239224112,0.009631597514455409,0.008769669333553833,0.007501095686486469,0.00602729971149352,0.004549644515292227,0.003226181053686119,0.002149099895885654,0,0,0,0,0,0,0,0,0,0,0,0,0,0,0,0,0,0,0,0,0,0,0,0,0,0,0,0,0,0,0,0,0,0,0,0.001477053317493005,0.002217319649637031,0.003126921897670497,0.004142498471769416,0.005155422644507358,0.00602729971149352,0.006619693709314979,0.00682982534424901,0.006619693709314979,0.00602729971149352,0.005155422644507358,0.004142498471769416,0.003126921897670497,0.002217319649637031,0.001477053317493005,0,0,0,0,0,0,0,0,0,0,0,0,0,0.002149099895885654,0.003226181053686119,0.004549644515292227,0.00602729971149352,0.007501095686486469,0.008769669333553833,0.009631597514455409,0.009937337239224112,0.01178069741034106,0.01199585038723995,0.0120507402017787,0.01205459942298704
0,0,0,0,0,0,0.001838222553862663,0.002759498889318159,0.00389151717706505,0.005155422644507358,0.006416027145122064,0.007501095686486469,0.00823834192849522,0.008499854973448386,0.00823834192849522,0.007501095686486469,0.006416027145122064,0.005155422644507358,0.00389151717706505,0.002759498889318159,0.001838222553862663,0,0,0,0,0,0,0,0,0,0,0,0,0,0,0,0,0,0,0,0,0,0,0,0,0,0,0,0,0,0,0,0,0,0,0,0.001838222553862663,0.002759498889318159,0.00389151717706505,0.005155422644507358,0.006416027145122064,0.007501095686486469,0.00823834192849522,0.008499854973448386,0.00823834192849522,0.007501095686486469,0.006416027145122064,0.005155422644507358,0.00389151717706505,0.002759498889318159,0.001838222553862663,0,0,0,0,0,0,0,0,0,0,0,0,0,0.001838222553862663,0.002759498889318159,0.00389151717706505,0.005155422644507358,0.006416027145122064,0.007501095686486469,0.00823834192849522,0.008499854973448386,0.01059866640918353,0.01104436239769258,0.01141283410995052,0.01177511635382234
0,0,0,0,0,0,0.001477053317493005,0.002217319649637031,0.003126921897670497,0.004142498471769416,0.005155422644507358,0.00602729971149352,0.006619693709314979,0.00682982534424901,0.006619693709314979,0.00602729971149352,0.005155422644507358,0.004142498471769416,0.003126921897670497,0.002217319649637031,0.001477053317493005,0,0,0,0,0,0,0,0,0,0,0,0,0,0,0,0,0,0,0,0,0,0,0,0,0,0,0,0,0,0,0,0,0,0,0,0.002149099895885654,0.003226181053686119,0.004549644515292227,0.00602729971149352,0.007501095686486469,0.008769669333553833,0.009631597514455409,0.009937337239224112,0.009631597514455409,0.008769669333553833,0.007501095686486469,0.00602729971149352,0.004549644515292227,0.003226181053686119,0.002149099895885654,0,0,0,0,0,0,0,0,0,0,0,0,0,0.001477053317493005,0.002217319649637031,0.003126921897670497,0.004142498471769416,0.005155422644507358,0.00602729971149352,0.006619693709314979,0.00682982534424901,0.009054942931823885,0.009683041781791449,0.01031084528901472,0.01097232381601843
0,0,0,0,0,0,0.001114938338292962,0.001673720681814422,0.002360324480688309,0.003126921897670497,0.00389151717706505,0.004549644515292227,0.004996806964828454,0.005155422644507358,0.004996806964828454,0.004549644515292227,0.00389151717706505,0.003126921897670497,0.002360324480688309,0.001673720681814422,0.001114938338292962,0,0,0,0,0,0,0,0,0,0,0,0,0,0,0,0,0,0,0,0,0,0,0,0,0,0,0,0,0,0,0,0,0,0,0,0.002360324480688309,0.003543266711206109,0.004996806964828454,0.006619693709314979,0.00823834192849522,0.009631597514455409,0.01057824042755217,0.01091402982406744,0.01057824042755217,0.009631597514455409,0.00823834192849522,0.006619693709314979,0.004996806964828454,0.003543266711206109,0.002360324480688309,0,0,0,0,0,0,0,0,0,0,0,0,0,0.001114938338292962,0.001673720681814422,0.002360324480688309,0.003126921897670497,0.00389151717706505,0.004549644515292227,0.004996806964828454,0.005155422644507358,0.007357131445516763,0.008092911226498335,0.008888324141893503,0.009746615606985476
0,0,0,0,0,0,0.0007906096687200192,0.001186845683147944,0.001673720681814422,0.002217319649637031,0.002759498889318159,0.003226181053686119,0.003543266711206109,0.003655742070297929,0.003543266711206109,0.003226181053686119,0.002759498889318159,0.002217319649637031,0.001673720681814422,0.001186845683147944,0.0007906096687200192,0,0,0,0,0,0,0,0,0,0,0,0,0,0,0,0,0,0,0,0,0,0,0,0,0,0,0,0,0,0,0,0,0,0,0,0.002435249222508907,0.003655742070297929,0.005155422644507358,0.00682982534424901,0.008499854973448386,0.009937337239224112,0.01091402982406744,0.01126047832023017,0.01091402982406744,0.009937337239224112,0.008499854973448386,0.00682982534424901,0.005155422644507358,0.003655742070297929,0.002435249222508907,0,0,0,0,0,0,0,0,0,0,0,0,0,0.0007906096687200192,0.001186845683147944,0.001673720681814422,0.002217319649637031,0.002759498889318159,0.003226181053686119,0.003543266711206109,0.003655742070297929,0.005692366607091763,0.006452362107372238,0.007309143404610386,0.008244619361130551
0,0,0,0,0,0,0.000526659579378242,0.0007906096687200192,0.001114938338292962,0.001477053317493005,0.001838222553862663,0.002149099895885654,0.002360324480688309,0.002435249222508907,0.002360324480688309,0.002149099895885654,0.001838222553862663,0.001477053317493005,0.001114938338292962,0.0007906096687200192,0.000526659579378242,0,0,0,0,0,0,0,0,0,0,0,0,0,0,0,0,0,0,0,0,0,0,0,0,0,0,0,0,0,0,0,0,0,0,0,0.002360324480688309,0.003543266711206109,0.004996806964828454,0.006619693709314979,0.00823834192849522,0.009631597514455409,0.01057824042755217,0.01091402982406744,0.01057824042755217,0.009631597514455409,0.00823834192849522,0.006619693709314979,0.004996806964828454,0.003543266711206109,0.002360324480688309,0,0,0,0,0,0,0,0,0,0,0,0,0,0.000526659579378242,0.0007906096687200192,0.001114938338292962,0.001477053317493005,0.001838222553862663,0.002149099895885654,0.002360324480688309,0.002435249222508907,0.004198547034550972,0.004908598785203813,0.005729739730927713,0.006632475962000363
