0,0,0,0,0,0,0,0,0,0,0,0,0,0,0,0,0,0,0,0,0,0,0,0,0.002149099895885654,0.003226181053686119,0.004549644515292227,0.00602729971149352,0.008291705355206489,0.009956515016701778,0.01130531819626983,0.01215465688886114,0.01239109640377357,0.01199585038723995,0.01104436239769258,0.009683041781791449,0.008092911226498335,0.006452362107372238,0.004908598785203813,0.002217319649637031,0.001673720681814422,0.003025068237010607,0.003550108558038178,0.00389151717706505,0.005155422644507358,0.006416027145122064,0.007501095686486469,0.00823834192849522,0.008499854973448386,0.00823834192849522,0.007501095686486469,0.006416027145122064,0.005155422644507358,0.00389151717706505,0.002759498889318159,0.001838222553862663,0,0,0,0,0,0,0,0,0,0,0,0,0,0,0,0,0,0,0.001838222553862663,0.002759498889318159,0.00389151717706505,0.005155422644507358,0.006416027145122064,0.007501095686486469,0.00823834192849522,0.008499854973448386,0.00823834192849522,0.007501095686486469,0.006416027145122064,0.005155422644507358,0.006326766399573957,0.006415240959616088,0.006993645198370021,0.007944763682541971,0.01017357565526281,0.01229766171991242,0.01404095172173793,0.01594260516601523,0.01665052002250761,0.01660786488586699
0,0,0,0,0,0,0,0,0,0,0,0,0,0,0,0,0,0,0,0.000526659579378242,0.0007906096687200192,0.001114938338292962,0.001477053317493005,0.001838222553862663,0.003987322449748316,0.005119823370006468,0.006326766399573957,0.007515747125195668,0.009680065379300681,0.01101303892216355,0.01207571972667653,0.01274171520941184,0.01292046877428029,0.01257739978115694,0.01141283410995052,0.01031084528901472,0.008888324141893503,0.007309143404610386,0.005729739730927713,0.003126921897670497,0.002360324480688309,0.003822820577700076,0.004341119391979081,0.004549644515292227,0.00602729971149352,0.007501095686486469,0.008769669333553833,0.009631597514455409,0.009937337239224112,0.009631597514455409,0.008769669333553833,0.007501095686486469,0.00602729971149352,0.004549644515292227,0.003226181053686119,0.002149099895885654,0,0,0,0,0,0,0,0,0,0,0,0,0,0,0,0,0,0,0.002149099895885654,0.003226181053686119,0.004549644515292227,0.00602729971149352,0.007501095686486469,0.008769669333553833,0.009631597514455409,0.009937337239224112,0.009631597514455409,0.008769669333553833,0.007501095686486469,0.00602729971149352,0.006909968995980537,0.006769447764892227,0.007145906860714108,0.008096747026807984,0.01045566157813225,0.01275851941212591,0.01472073889932158,0.01718439080686776,0.01827926082086011,0.0186116157044587
0,0,0,0,0,0,0,0,0,0,0,0,0,0,0,0,0,0,0,0.0007906096687200192,0.001186845683147944,0.001673720681814422,0.002217319649637031,0.002759498889318159,0.004703234371179124,0.00576058636084314,0.006782663967968426,0.007685765182975524,0.009858657015686481,0.01100411825044871,0.01196393525662251,0.01264604449783285,0.01296196203697028,0.01284520909170706,0.01177511635382234,0.01097232381601843,0.009746615606985476,0.008244619361130551,0.006632475962000363,0.004142498471769416,0.003126921897670497,0.004577644130325341,0.005020320028699113,0.004996806964828454,0.006619693709314979,0.00823834192849522,0.009631597514455409,0.01057824042755217,0.01091402982406744,0.01057824042755217,0.009631597514455409,0.00823834192849522,0.006619693709314979,0.004996806964828454,0.003543266711206109,0.002360324480688309,0,0,0,0,0,0,0,0,0,0,0,0,0,0,0,0,0,0,0.002360324480688309,0.003543266711206109,0.004996806964828454,0.006619693709314979,0.00823834192849522,0.009631597514455409,0.01057824042755217,0.01091402982406744,0.01057824042755217,0.009631597514455409,0.00823834192849522,0.006619693709314979,0.007145906860714108,0.006769447764892227,0.006909968995980537,0.007865522265356183,0.01026059457580463,0.01266118651061888,0.01478702015896277,0.01783041770183918,0.01935001285057891,0.02013493315971955
0,0,0,0,0,0,0,0,0,0,0,0,0,0,0,0,0,0,0,0.001114938338292962,0.001673720681814422,0.002360324480688309,0.003126921897670497,0.00389151717706505,0.005664582853585189,0.006670527646642875,0.007515747125195668,0.008123728862498951,0.01027938424621994,0.01120066058167543,0.012015246039564,0.01267116976970303,0.01308655479176494,0.01316567854007166,0.01212985910556027,0.01162677687111888,0.01059866640918353,0.009174816368300892,0.007530965483415026,0.005155422644507358,0.00389151717706505,0.005194748111827066,0.005493964624160592,0.005155422644507358,0.00682982534424901,0.008499854973448386,0.009937337239224112,0.01091402982406744,0.01126047832023017,0.01091402982406744,0.009937337239224112,0.008499854973448386,0.00682982534424901,0.005155422644507358,0.003655742070297929,0.002435249222508907,0,0,0,0,0,0,0,0,0,0,0,0,0,0,0,0,0,0,0.002435249222508907,0.003655742070297929,0.005155422644507358,0.00682982534424901,0.008499854973448386,0.009937337239224112,0.01091402982406744,0.01126047832023017,0.01091402982406744,0.009937337239224112,0.008499854973448386,0.00682982534424901,0.006993645198370021,0.006415240959616088,0.006326766399573957,0.007304522540393012,0.009642208198808183,0.0120507402017787,0.01426564163998874,0.01783917321379752,0.01976751015136721,0.02102421037800693
0,0,0,0,0,0,0,0,0,0,0,0,0,0,0,0,0,0,0,0.001477053317493005,0.002217319649637031,0.003126921897670497,0.004142498471769416,0.005155422644507358,0.006817909380213539,0.007806539392462923,0.008503546026063432,0.00883701335895201,0.01093589849669733,0.0116077847518796,0.01223540969826775,0.01280996367946195,0.01326168204732961,0.01347290370473296,0.01239109640377357,0.01215465688886114,0.01130531819626983,0.009956515016701778,0.008291705355206489,0.00602729971149352,0.004549644515292227,0.005586505534374429,0.005692366607091763,0.004996806964828454,0.006619693709314979,0.00823834192849522,0.009631597514455409,0.01057824042755217,0.01091402982406744,0.01057824042755217,0.009631597514455409,0.00823834192849522,0.006619693709314979,0.004996806964828454,0.003543266711206109,0.002360324480688309,0,0,0,0,0,0,0,0,0,0,0,0,0,0,0,0,0,0,0.002360324480688309,0.003543266711206109,0.004996806964828454,0.006619693709314979,0.00823834192849522,0.009631597514455409,0.01057824042755217,0.01091402982406744,0.01057824042755217,0.009631597514455409,0.00823834192849522,0.006619693709314979,0.006473860282321458,0.00576058636084314,0.005487246378358806,0.006502822952457726,0.008698689355713466,0.01102410667632197,0.01323938741862996,0.01721726716862988,0.0194774722774565,0.02115518465433791
0,0,0,0,0,0,0,0,0,0,0,0,0,0,0,0,0,0,0,0.001838222553862663,0.002759498889318159,0.00389151717706505,0.005155422644507358,0.006416027145122064,0.008027755265864711,0.009028951597215239,0.009614793311741348,0.009715395245988225,0.01169964272103744,0.01210839375221383,0.01251255409002412,0.01294646010888894,0.01335816529850169,0.01361891996420373,0.01241646298141483,0.01239108314156044,0.01169317876584513,0.01042220718317543,0.008765001507873462,0.006619693709314979,0.004996806964828454,0.005692366607091763,0.005586505534374429,0.004549644515292227,0.00602729971149352,0.007501095686486469,0.008769669333553833,0.009631597514455409,0.009937337239224112,0.009631597514455409,0.008769669333553833,0.007501095686486469,0.00602729971149352,0.004549644515292227,0.003226181053686119,0.002149099895885654,0,0,0,0,0,0,0,0,0,0,0,0,0,0,0,0,0,0,0.002149099895885654,0.003226181053686119,0.004549644515292227,0.00602729971149352,0.007501095686486469,0.008769669333553833,0.009631597514455409,0.009937337239224112,0.009631597514455409,0.008769669333553833,0.007501095686486469,0.00602729971149352,0.005664582853585189,0.004899901735500541,0.004509424376573964,0.005562171120179404,0.00754725924736298,0.009705067159799585,0.01182663230907746,0.01601560209864405,0.01847741091525867,0.02046048130418812
0,0,0,0,0,0,0,0,0,0,0,0,0,0,0,0,0,0,0,0.002149099895885654,0.003226181053686119,0.004549644515292227,0.00602729971149352,0.007501095686486469,0.008769669333553833,0.009631597514455409,0.009937337239224112,0.009631597514455409,0.01120491855606274,0.0111568377567844,0.01118272235600088,0.01137946985954124,0.01172603602713451,0.01208643713510977,0.01091402982406744,0.01126047832023017,0.01091402982406744,0.009937337239224112,0.008499854973448386,0.00682982534424901,0.005155422644507358,0.005493964624160592,0.005194748111827066,0.00389151717706505,0.005155422644507358,0.006416027145122064,0.007501095686486469,0.00823834192849522,0.008499854973448386,0.00823834192849522,0.007501095686486469,0.006416027145122064,0.005155422644507358,0.00389151717706505,0.002759498889318159,0.001838222553862663,0,0,0,0,0,0,0,0,0,0,0,0,0,0,0,0,0,0,0.001838222553862663,0.002759498889318159,0.00389151717706505,0.005155422644507358,0.006416027145122064,0.007501095686486469,0.00823834192849522,0.008499854973448386,0.00823834192849522,0.007501095686486469,0.006416027145122064,0.005155422644507358,0.004682126845785069,0.003946344572466103,0.003511943235677085,0.004577644130325341,0.006302765600524268,0.008222988018514572,0.01016296042052109,0.01432933322130205,0.01683060629595945,0.01895984412574564
0,0,0,0,0,0,0,0,0,0,0,0,0,0,0,0,0,0.000526659579378242,0.0007906096687200192,0.003475262818981272,0.005020320028699113,0.006835029518691116,0.008768793605200633,0.01059866640918353,0.01206684673696432,0.01293856490824048,0.01306312971995309,0.01241646298141483,0.01346897531263672,0.01289654697799429,0.01240711034286345,0.01214316025352167,0.01178160863970133,0.01199192199514372,0.01057824042755217,0.01091402982406744,0.01057824042755217,0.009631597514455409,0.00823834192849522,0.006619693709314979,0.004996806964828454,0.005020320028699113,0.004577644130325341,0.003126921897670497,0.004142498471769416,0.005155422644507358,0.00602729971149352,0.006619693709314979,0.00682982534424901,0.006619693709314979,0.00602729971149352,0.005155422644507358,0.004142498471769416,0.003126921897670497,0.002217319649637031,0.001477053317493005,0,0,0,0,0,0,0,0,0,0,0,0,0,0,0,0,0,0,0.001477053317493005,0.002217319649637031,0.003126921897670497,0.004142498471769416,0.005155422644507358,0.00602729971149352,0.006619693709314979,0.00682982534424901,0.006619693709314979,0.00602729971149352,0.005155422644507358,0.004142498471769416,0.003653581477048739,0.003007929318357051,0.002591991655785967,0.003626153213378659,0.005064403607548782,0.006698744411177881,0.008387624192181829,0.01229666938968368,0.01467326052544825,0.01677750437516952
0,0,0,0.000526659579378242,0.0007906096687200192,0.001114938338292962,0.001477053317493005,0.001838222553862663,0.002149099895885654,0.002360324480688309,0.002435249222508907,0.002360324480688309,0.002149099895885654,0.001838222553862663,0.001477053317493005,0.001114938338292962,0.0007906096687200192,0.001317269248098261,0.001186845683147944,0.004108969904323329,0.005873061719934961,0.007914921533825517,0.01005600639793513,0.01204312168465449,0.01359307930952204,0.01445729653527355,0.01448665937391629,0.01367352871338559,0.0143037567847468,0.01339975670894893,0.01256631554268918,0.01249999160409914,0.01194744742550442,0.0123198568943557,0.01110865083194841,0.01177555979308677,0.01178069741034106,0.01112999381424214,0.009936344908995375,0.008387624192181829,0.006698744411177881,0.006179341945841744,0.005299873895193081,0.003475262818981272,0.003917531566390516,0.004418176756443292,0.004549644515292227,0.004996806964828454,0.005155422644507358,0.004996806964828454,0.004549644515292227,0.00389151717706505,0.003126921897670497,0.002360324480688309,0.001673720681814422,0.001114938338292962,0,0,0,0,0,0,0,0,0,0,0,0,0,0,0,0,0,0,0.001114938338292962,0.001673720681814422,0.002360324480688309,0.003126921897670497,0.00389151717706505,0.004549644515292227,0.004996806964828454,0.005155422644507358,0.004996806964828454,0.004549644515292227,0.00389151717706505,0.003126921897670497,0.002360324480688309,0.001673720681814422,0.001114938338292962,0.001838222553862663,0.002759498889318159,0.00389151717706505,0.005155422644507358,0.008565127041007719,0.01072727674017259,0.01278798644378745
0,0,0,0.0007906096687200192,0.001186845683147944,0.001673720681814422,0.002217319649637031,0.002759498889318159,0.003226181053686119,0.003543266711206109,0.003655742070297929,0.003543266711206109,0.003226181053686119,0.002759498889318159,0.002217319649637031,0.001673720681814422,0.001186845683147944,0.001905548007012982,0.001673720681814422,0.004720648961376619,0.006670188608876606,0.008888324141893503,0.01116933822460721,0.01323514889332367,0.01478702015896277,0.01557504739238062,0.01546367433935966,0.01446975760461722,0.01459674196598857,0.01335816529850169,0.01218493156819445,0.01205777761634879,0.01114613953947612,0.0115351408489892,0.01045566157813225,0.01125935386276654,0.01146452298218134,0.01104436239769258,0.01007176921541999,0.008698689355713466,0.007117698230751169,0.006309607447356336,0.005242387886647638,0.003347441363628844,0.003404165332784976,0.003550108558038178,0.003226181053686119,0.003543266711206109,0.003655742070297929,0.003543266711206109,0.003226181053686119,0.002759498889318159,0.002217319649637031,0.001673720681814422,0.001186845683147944,0.0007906096687200192,0,0,0,0,0,0,0,0,0,0,0,0,0,0,0,0,0,0,0.0007906096687200192,0.001186845683147944,0.001673720681814422,0.002217319649637031,0.002759498889318159,0.003226181053686119,0.003543266711206109,0.003655742070297929,0.003543266711206109,0.003226181053686119,0.002759498889318159,0.002217319649637031,0.001673720681814422,0.001186845683147944,0.001317269248098261,0.002267662986213024,0.003332257987929994,0.004603975215163501,0.005980721025632079,0.009142745094255673,0.01114712308149999,0.01294646010888894
0,0,0,0.001114938338292962,0.001673720681814422,0.002360324480688309,0.003126921897670497,0.00389151717706505,0.004549644515292227,0.004996806964828454,0.005155422644507358,0.004996806964828454,0.004549644515292227,0.00389151717706505,0.003126921897670497,0.002360324480688309,0.001673720681814422,0.002591991655785967,0.002217319649637031,0.005276021793556151,0.007368679525455534,0.009705067159799585,0.01205459942298704,0.01412078939580145,0.01559949467780284,0.01625129122377039,0.01596463695071763,0.01478702015896277,0.01438922112281625,0.012845337233794,0.01137154125880105,0.01128413464284761,0.0100553243800079,0.01053672408806748,0.009746615606985476,0.01072134252131406,0.01116933822460721,0.01102410667632197,0.01031084528901472,0.009139305436597869,0.007676566412962724,0.006635496406080323,0.00539458488388352,0.003475262818981272,0.003150773999307427,0.002953160892155625,0.002149099895885654,0.002360324480688309,0.002435249222508907,0.002360324480688309,0.002149099895885654,0.001838222553862663,0.001477053317493005,0.001114938338292962,0.0007906096687200192,0.000526659579378242,0,0,0,0,0,0,0,0,0,0.000526659579378242,0.0007906096687200192,0.001114938338292962,0.001477053317493005,0.001838222553862663,0.002149099895885654,0.002360324480688309,0.002435249222508907,0.002360324480688309,0.002675759475263896,0.002628832222582682,0.002591991655785967,0.002591991655785967,0.002628832222582682,0.002675759475263896,0.002360324480688309,0.002435249222508907,0.002360324480688309,0.002149099895885654,0.001838222553862663,0.001477053317493005,0.001114938338292962,0.0007906096687200192,0.001317269248098261,0.002301784021440907,0.003347441363628844,0.004577644130325341,0.005886420786988656,0.008594751548244173,0.01031023087613537,0.01177947093279688
0,0,0,0.001477053317493005,0.002217319649637031,0.003126921897670497,0.004142498471769416,0.005155422644507358,0.00602729971149352,0.006619693709314979,0.00682982534424901,0.006619693709314979,0.00602729971149352,0.005155422644507358,0.004142498471769416,0.003126921897670497,0.002217319649637031,0.003315275871355668,0.002759498889318159,0.005729739730927713,0.007914921533825517,0.01030754432218711,0.01265651833099383,0.01465436907361728,0.01600095065993486,0.01647668385699044,0.01600095065993486,0.01465436907361728,0.01377145666928679,0.01198126500400154,0.01027524601451383,0.01033371494609121,0.008868335716020241,0.009514788966825387,0.009139305436597869,0.01031084528901472,0.01102410667632197,0.01116933822460721,0.01072134252131406,0.009746615606985476,0.008387624192181829,0.00682914332632178,0.005257436810062378,0.003126921897670497,0.002217319649637031,0.001477053317493005,0,0,0,0,0,0,0,0,0,0,0,0,0,0,0,0,0,0,0,0.0007906096687200192,0.001186845683147944,0.001673720681814422,0.002217319649637031,0.002759498889318159,0.003226181053686119,0.003543266711206109,0.003655742070297929,0.003543266711206109,0.003226181053686119,0.002759498889318159,0.002217319649637031,0.001673720681814422,0.001186845683147944,0.0007906096687200192,0,0,0,0,0,0,0,0,0.001114938338292962,0.002464330350534441,0.003547170163836254,0.004800642579484919,0.006108836826702081,0.008424081742903348,0.009896708700328993,0.01105901383640178
0,0,0,0.001838222553862663,0.002759498889318159,0.00389151717706505,0.005155422644507358,0.006416027145122064,0.007501095686486469,0.00823834192849522,0.008499854973448386,0.00823834192849522,0.007501095686486469,0.006416027145122064,0.005155422644507358,0.00389151717706505,0.002759498889318159,0.003987322449748316,0.003226181053686119,0.006026697832785232,0.008244619361130551,0.01062801758415697,0.01291216780532325,0.01478702015896277,0.01596463695071763,0.01625129122377039,0.01559949467780284,0.01412078939580145,0.01284520909170706,0.01089191284294753,0.009042400207269957,0.009331563997055845,0.007736317428273349,0.008594751548244173,0.008698689355713466,0.01007176921541999,0.01104436239769258,0.01146452298218134,0.01125935386276654,0.01045566157813225,0.009174816368300892,0.007602872828270008,0.005946032313227377,0.00389151717706505,0.002759498889318159,0.001838222553862663,0,0,0,0,0,0,0,0,0,0,0,0,0,0,0,0,0,0,0,0.001114938338292962,0.001673720681814422,0.002360324480688309,0.003126921897670497,0.00389151717706505,0.004549644515292227,0.004996806964828454,0.005155422644507358,0.004996806964828454,0.004549644515292227,0.00389151717706505,0.003126921897670497,0.002360324480688309,0.001673720681814422,0.001114938338292962,0,0,0,0,0,0,0,0,0.001477053317493005,0.002743979229015273,0.003917531566390516,0.005257436810062378,0.006632475962000363,0.008656131934076201,0.009955639288348576,0.01086387050675174
0,0,0,0.002149099895885654,0.003226181053686119,0.004549644515292227,0.00602729971149352,0.007501095686486469,0.008769669333553833,0.009631597514455409,0.009937337239224112,0.009631597514455409,0.008769669333553833,0.007501095686486469,0.00602729971149352,0.004549644515292227,0.003226181053686119,0.004509424376573964,0.003543266711206109,0.006111745303121416,0.0082934143911294,0.01059866640918353,0.01275851941212591,0.01446975760461722,0.01546367433935966,0.01557504739238062,0.01478702015896277,0.01323514889332367,0.01169599780398545,0.009678933810613523,0.007785126947169568,0.008346802174755278,0.006738124289363203,0.007813682749470844,0.008387624192181829,0.009936344908995375,0.01112999381424214,0.01178069741034106,0.01177555979308677,0.01110865083194841,0.009884607671846795,0.008291705355206489,0.006553959290871762,0.004549644515292227,0.003226181053686119,0.002149099895885654,0,0,0,0,0,0,0,0,0,0,0,0,0,0,0,0,0,0,0,0.001477053317493005,0.002217319649637031,0.003126921897670497,0.004142498471769416,0.005155422644507358,0.00602729971149352,0.006619693709314979,0.00682982534424901,0.006619693709314979,0.00602729971149352,0.005155422644507358,0.004142498471769416,0.003126921897670497,0.002217319649637031,0.001477053317493005,0,0,0,0,0,0,0,0,0.001838222553862663,0.002759498889318159,0.00389151717706505,0.005155422644507358,0.006416027145122064,0.008027755265864711,0.009028951597215239,0.009614793311741348
0,0.000526659579378242,0.0007906096687200192,0.003475262818981272,0.005020320028699113,0.006835029518691116,0.008768793605200633,0.01059866640918353,0.01206684673696432,0.01293856490824048,0.01306312971995309,0.01241646298141483,0.01110865083194841,0.009353280266788182,0.007410303378034997,0.005523466544206696,0.003543266711206109,0.004795573703197217,0.003655742070297929,0.005946032313227377,0.008016671027396954,0.01017357565526281,0.01215465688886114,0.01367352871338559,0.01448665937391629,0.01445729653527355,0.01359307930952204,0.01204312168465449,0.01005600639793513,0.007914921533825517,0.005873061719934961,0.006469294385011638,0.004730112394354053,0.005787416633548472,0.006619693709314979,0.00823834192849522,0.009631597514455409,0.01057824042755217,0.01091402982406744,0.01057824042755217,0.009631597514455409,0.00823834192849522,0.006619693709314979,0.004996806964828454,0.004069926290584351,0.003150934149408329,0.001114938338292962,0.001477053317493005,0.001838222553862663,0.002149099895885654,0.002360324480688309,0.002435249222508907,0.002360324480688309,0.002149099895885654,0.001838222553862663,0.001477053317493005,0.001114938338292962,0.0007906096687200192,0.000526659579378242,0,0,0.000526659579378242,0.0007906096687200192,0.001114938338292962,0.001477053317493005,0.003676445107725325,0.004908598785203813,0.00625184165775336,0.007590671867016265,0.008776351625810374,0.009650195582372123,0.01007656448235788,0.00997690829094139,0.009353280266788182,0.008291705355206489,0.007469346303878548,0.005946032313227377,0.005006455515358012,0.004236552206811163,0.003676445107725325,0.002149099895885654,0.002360324480688309,0.002435249222508907,0.002360324480688309,0.002149099895885654,0.001838222553862663,0.001477053317493005,0.001114938338292962,0.002939709564605673,0.003752840633064361,0.004549644515292227,0.00602729971149352,0.007501095686486469,0.008769669333553833,0.009631597514455409,0.009937337239224112
0,0.0007906096687200192,0.001186845683147944,0.004108969904323329,0.005873061719934961,0.007914921533825517,0.01005600639793513,0.01204312168465449,0.01359307930952204,0.01445729653527355,0.01501331895329453,0.01446413838210561,0.01326959522715411,0.01165062897275581,0.009854893581259617,0.00809513220911303,0.006016066550986239,0.007230822925706122,0.005903591191894418,0.00767256644009235,0.00924852593189766,0.01083033358428119,0.01222358917024138,0.01320707265013485,0.01358978929933133,0.01293856490824048,0.01206684673696432,0.01059866640918353,0.008768793605200633,0.006835029518691116,0.005020320028699113,0.005910512041490179,0.004446351739017949,0.0056820822238856,0.00682982534424901,0.008499854973448386,0.009937337239224112,0.01091402982406744,0.01126047832023017,0.01091402982406744,0.009937337239224112,0.008499854973448386,0.00682982534424901,0.005155422644507358,0.004446351739017949,0.003622094905656851,0.001673720681814422,0.002217319649637031,0.002759498889318159,0.003226181053686119,0.003543266711206109,0.003655742070297929,0.003543266711206109,0.003226181053686119,0.002759498889318159,0.002217319649637031,0.001673720681814422,0.001186845683147944,0.0007906096687200192,0,0,0.0007906096687200192,0.001186845683147944,0.001673720681814422,0.002217319649637031,0.004908598785203813,0.006452362107372238,0.008092911226498335,0.009683041781791449,0.01104436239769258,0.01199585038723995,0.01239109640377357,0.01215465688886114,0.01130531819626983,0.009956515016701778,0.009082315023926507,0.007214145394641464,0.006223365197106649,0.00544350070332315,0.004908598785203813,0.003226181053686119,0.003543266711206109,0.003655742070297929,0.003543266711206109,0.003226181053686119,0.002759498889318159,0.002217319649637031,0.001673720681814422,0.003547170163836254,0.004333876379926127,0.004996806964828454,0.006619693709314979,0.00823834192849522,0.009631597514455409,0.01057824042755217,0.01091402982406744
0,0.001114938338292962,0.001673720681814422,0.004720648961376619,0.006670188608876606,0.008888324141893503,0.01116933822460721,0.01323514889332367,0.01478702015896277,0.01557504739238062,0.01625428400807968,0.01565660328776516,0.01443224009394033,0.01281598605882056,0.01105291328044756,0.009337926356807535,0.007086533422412217,0.008165166446871893,0.006769447764892227,0.007775825568978345,0.008786798600811678,0.009718415336123502,0.01044339001536826,0.01081844319760335,0.01072794690794413,0.009631597514455409,0.008769669333553833,0.007501095686486469,0.00602729971149352,0.004549644515292227,0.003226181053686119,0.004509424376573964,0.003543266711206109,0.004996806964828454,0.006619693709314979,0.00823834192849522,0.009631597514455409,0.01057824042755217,0.01091402982406744,0.01057824042755217,0.009631597514455409,0.00823834192849522,0.006619693709314979,0.004996806964828454,0.004658205049499071,0.004034045162502732,0.002360324480688309,0.003126921897670497,0.00389151717706505,0.004549644515292227,0.004996806964828454,0.005155422644507358,0.004996806964828454,0.004549644515292227,0.00389151717706505,0.003126921897670497,0.002360324480688309,0.001673720681814422,0.001114938338292962,0,0,0.001114938338292962,0.001673720681814422,0.002360324480688309,0.003126921897670497,0.00625184165775336,0.008092911226498335,0.009993613929656907,0.01177511635382234,0.01323514889332367,0.01418124202974764,0.01446975760461722,0.01404095172173793,0.01293856490824048,0.01130531819626983,0.01046821860508114,0.0082934143911294,0.007357131445516763,0.006670188608876606,0.00625184165775336,0.004549644515292227,0.004996806964828454,0.005155422644507358,0.004996806964828454,0.004549644515292227,0.00389151717706505,0.003126921897670497,0.002360324480688309,0.004108969904323329,0.004770680408590891,0.005155422644507358,0.00682982534424901,0.008499854973448386,0.009937337239224112,0.01091402982406744,0.01126047832023017
0,0.001477053317493005,0.002217319649637031,0.005276021793556151,0.007368679525455534,0.009705067159799585,0.01205459942298704,0.01412078939580145,0.01559949467780284,0.01625129122377039,0.01707957528901059,0.01646074084077719,0.01527249228601156,0.01375493948182746,0.0121361365381956,0.01057634234807746,0.008222988018514572,0.009142745094255675,0.007756305854146613,0.008441161692357277,0.009046939821572408,0.009542949042792561,0.009861420167174778,0.009912062610309642,0.009614793311741348,0.00823834192849522,0.007501095686486469,0.006416027145122064,0.005155422644507358,0.00389151717706505,0.002759498889318159,0.003987322449748316,0.003226181053686119,0.004549644515292227,0.00602729971149352,0.007501095686486469,0.008769669333553833,0.009631597514455409,0.009937337239224112,0.009631597514455409,0.008769669333553833,0.007501095686486469,0.00602729971149352,0.004549644515292227,0.004703234371179124,0.004366419545522686,0.003126921897670497,0.004142498471769416,0.005155422644507358,0.00602729971149352,0.006619693709314979,0.00682982534424901,0.006619693709314979,0.00602729971149352,0.005155422644507358,0.004142498471769416,0.003126921897670497,0.002217319649637031,0.001477053317493005,0,0,0.001477053317493005,0.002217319649637031,0.003126921897670497,0.004142498471769416,0.007590671867016265,0.009683041781791449,0.01177511635382234,0.01365965068849802,0.01511954868276336,0.01596463695071763,0.01606945246857479,0.01540297679199958,0.01404095172173793,0.01215465688886114,0.0114539616084344,0.009047144993886041,0.008282344542177855,0.007798240542067346,0.007590671867016265,0.00602729971149352,0.007146353288693221,0.007620435012969029,0.007734632047607941,0.007504353028986525,0.006993645198370021,0.00629159836765507,0.005487246378358806,0.007012893352834247,0.007380644509387423,0.007145906860714108,0.00845791626317764,0.009715395245988225,0.01074653585274837,0.01136885009627219,0.01144068940344568
0,0.001838222553862663,0.002759498889318159,0.005729739730927713,0.007914921533825517,0.01030754432218711,0.01265651833099383,0.01465436907361728,0.01600095065993486,0.01647668385699044,0.01747800397742786,0.01687168872325431,0.01578344022866433,0.01445004279395653,0.01307034417833287,0.01175703944242123,0.009379192598633138,0.01014510121560468,0.00883701335895201,0.009154221609164017,0.009297921116276774,0.009297921116276774,0.009154221609164017,0.00883701335895201,0.008306878661742016,0.006619693709314979,0.00602729971149352,0.005155422644507358,0.004142498471769416,0.003126921897670497,0.002217319649637031,0.003315275871355668,0.002759498889318159,0.00389151717706505,0.005155422644507358,0.006416027145122064,0.007501095686486469,0.00823834192849522,0.008499854973448386,0.00823834192849522,0.007501095686486469,0.006416027145122064,0.005155422644507358,0.00389151717706505,0.004597721443180821,0.004597721443180821,0.00389151717706505,0.005155422644507358,0.006416027145122064,0.007501095686486469,0.00823834192849522,0.008499854973448386,0.00823834192849522,0.007501095686486469,0.006416027145122064,0.005155422644507358,0.00389151717706505,0.002759498889318159,0.001838222553862663,0,0,0.001838222553862663,0.002759498889318159,0.00389151717706505,0.005155422644507358,0.008776351625810374,0.01104436239769258,0.01323514889332367,0.01511954868276336,0.01647668385699044,0.01713269320094188,0.01699426757267423,0.01606945246857479,0.01446975760461722,0.01239109640377357,0.01191478703622055,0.009379192598633138,0.008888324141893503,0.008698689355713466,0.008776351625810374,0.007501095686486469,0.009028951597215239,0.009686700656596331,0.009912062610309642,0.009718415336123502,0.009175526034440223,0.008381603698193477,0.007434783888271158,0.008564340855501743,0.00860767031875489,0.007775825568978345,0.008786798600811678,0.009718415336123502,0.01044339001536826,0.01081844319760335,0.01072794690794413
0,0.002149099895885654,0.003752840633064361,0.00681730750150525,0.009359557699423513,0.01210507090164997,0.01475039035918591,0.01693612005484842,0.01832496143140594,0.01868654044627929,0.01979804171235381,0.01902938818100526,0.01778433915391475,0.01633754312179995,0.01489964500887056,0.01356772714876264,0.01098232115751049,0.01109184662923435,0.009912062610309642,0.009861420167174778,0.009542949042792561,0.009046939821572408,0.008441161692357277,0.007756305854146613,0.006993645198370021,0.004996806964828454,0.004549644515292227,0.00389151717706505,0.003126921897670497,0.002360324480688309,0.001673720681814422,0.002591991655785967,0.002217319649637031,0.003126921897670497,0.004142498471769416,0.005155422644507358,0.00602729971149352,0.006619693709314979,0.00682982534424901,0.006619693709314979,0.00602729971149352,0.005155422644507358,0.004142498471769416,0.003126921897670497,0.004366419545522686,0.004703234371179124,0.004549644515292227,0.00602729971149352,0.007501095686486469,0.008769669333553833,0.009631597514455409,0.009937337239224112,0.009631597514455409,0.008769669333553833,0.007501095686486469,0.00602729971149352,0.004549644515292227,0.003226181053686119,0.002149099895885654,0,0,0.002149099895885654,0.003226181053686119,0.004549644515292227,0.00602729971149352,0.009650195582372123,0.01199585038723995,0.01418124202974764,0.01596463695071763,0.01713269320094188,0.01753933866710767,0.01713269320094188,0.01596463695071763,0.01418124202974764,0.01199585038723995,0.01179929547825778,0.00925348076517964,0.009099289030584453,0.00925348076517964,0.009650195582372123,0.008769669333553833,0.01074653585274837,0.01161105792103853,0.01199192199514372,0.01189659123122433,0.01139261286355152,0.01057694422678575,0.00954645148012068,0.01021982625205614,0.009905405750032266,0.008441161692357277,0.009046939821572408,0.009542949042792561,0.009861420167174778,0.009912062610309642,0.009614793311741348
0.0007906096687200192,0.002886984060066552,0.004333876379926127,0.00729859098626936,0.009967135072943823,0.01281598605882056,0.01551801830144406,0.01769593865830334,0.01900694105056577,0.01923078946267855,0.02047938676605453,0.01968751100069591,0.01847848162921759,0.01713294350302405,0.0158450049771775,0.0146771639780784,0.01209592786498985,0.01184288524623709,0.01081844319760335,0.01044339001536826,0.009718415336123502,0.008786798600811678,0.007775825568978345,0.006769447764892227,0.005804841966183583,0.003543266711206109,0.003226181053686119,0.002759498889318159,0.002217319649637031,0.001673720681814422,0.001186845683147944,0.001905548007012982,0.001673720681814422,0.002360324480688309,0.003126921897670497,0.00389151717706505,0.004549644515292227,0.004996806964828454,0.005155422644507358,0.004996806964828454,0.004549644515292227,0.00389151717706505,0.003126921897670497,0.002360324480688309,0.004034045162502732,0.004658205049499071,0.004996806964828454,0.006619693709314979,0.00823834192849522,0.009631597514455409,0.01057824042755217,0.01091402982406744,0.01057824042755217,0.009631597514455409,0.00823834192849522,0.006619693709314979,0.004996806964828454,0.003543266711206109,0.002360324480688309,0,0,0.002360324480688309,0.003543266711206109,0.004996806964828454,0.006619693709314979,0.01007656448235788,0.01239109640377357,0.01499641718399546,0.01686006213729481,0.01810920591096719,0.01860974651843488,0.0183149064108531,0.01726864857864902,0.01559547337401198,0.01347961162020148,0.01349700058718699,0.01084778925159912,0.01072654669575617,0.01085624591612614,0.01119150282065084,0.01042220718317543,0.01258195332442341,0.01313134947370447,0.01370516232522266,0.01377409598622482,0.01339376457300258,0.0126469934208085,0.01161650067414343,0.01185014537294812,0.01119733783964032,0.009154221609164017,0.009297921116276774,0.009297921116276774,0.009154221609164017,0.00883701335895201,0.008306878661742016
0.001186845683147944,0.003225858891228926,0.004770680408590891,0.007619752995041799,0.01037699550808526,0.0133004975529333,0.01604617406592619,0.01822317322867782,0.01948346633874474,0.0196127191797809,0.02095021075503881,0.02013603291115283,0.01894433053982863,0.01766153714081099,0.01647172812911849,0.01541428810059316,0.01288002444899307,0.0122312990721657,0.01136885009627219,0.01074653585274837,0.009715395245988225,0.00845791626317764,0.007145906860714108,0.005903591191894418,0.004795573703197217,0.002360324480688309,0.002149099895885654,0.001838222553862663,0.001477053317493005,0.001114938338292962,0.0007906096687200192,0.001317269248098261,0.001186845683147944,0.001673720681814422,0.002217319649637031,0.002759498889318159,0.003226181053686119,0.003543266711206109,0.003655742070297929,0.003543266711206109,0.003226181053686119,0.002759498889318159,0.002217319649637031,0.001673720681814422,0.003622094905656851,0.004446351739017949,0.005155422644507358,0.00682982534424901,0.008499854973448386,0.009937337239224112,0.01091402982406744,0.01126047832023017,0.01091402982406744,0.009937337239224112,0.008499854973448386,0.00682982534424901,0.005155422644507358,0.003655742070297929,0.002435249222508907,0,0,0.002435249222508907,0.003655742070297929,0.005155422644507358,0.00682982534424901,0.00997690829094139,0.01215465688886114,0.01483156139045795,0.01658982247514753,0.01774317315038922,0.01818195660035466,0.01787904757208152,0.01688583174218414,0.01531838306502845,0.01333878385208938,0.01356918780073128,0.01102442159575346,0.01104184343149601,0.01126446464352307,0.01165062897275581,0.01112418292237206,0.01354286204665012,0.01401997720954833,0.01480554700113249,0.01509275988373147,0.01491588211857045,0.01433092103073548,0.01339376457300258,0.01327053538203928,0.01234731183281855,0.009861420167174778,0.009542949042792561,0.009046939821572408,0.008967821271735519,0.008546915522866631,0.008108583536662984
0.001673720681814422,0.003475262818981272,0.005020320028699113,0.007740786193843727,0.0105372252757055,0.0134957787385576,0.01626407347645577,0.01844376269290835,0.01968282342926807,0.01976839025248948,0.0211217896687882,0.02028170819097498,0.01907963889421535,0.01780735333470954,0.016647096899818,0.01562991970784242,0.01318169281028046,0.01178713789960841,0.01091402982406744,0.009937337239224112,0.008499854973448386,0.00682982534424901,0.005155422644507358,0.003655742070297929,0.002435249222508907,0,0,0,0,0,0,0.000526659579378242,0.0007906096687200192,0.001114938338292962,0.001477053317493005,0.001838222553862663,0.002149099895885654,0.002360324480688309,0.002435249222508907,0.002360324480688309,0.002149099895885654,0.001838222553862663,0.001477053317493005,0.001114938338292962,0.003150934149408329,0.004069926290584351,0.004996806964828454,0.006619693709314979,0.00823834192849522,0.009631597514455409,0.01057824042755217,0.01091402982406744,0.01057824042755217,0.009631597514455409,0.00823834192849522,0.006619693709314979,0.004996806964828454,0.003543266711206109,0.002360324480688309,0,0,0.002360324480688309,0.003543266711206109,0.004996806964828454,0.006619693709314979,0.009353280266788182,0.01130531819626983,0.01405350324653344,0.01571467240355236,0.01683008208530553,0.01730816392741813,0.01712666607038872,0.01632476086911456,0.01499042089448536,0.01324833387100569,0.01360897310327012,0.01121983312416883,0.01124864862258181,0.0114203362887999,0.01171360474747649,0.01130531819626983,0.01384227866173078,0.01414021087775355,0.01512788494284439,0.01565889722594893,0.01573943761498169,0.01538936304286881,0.01462840447928386,0.01427121361915024,0.01317876767829166,0.01044339001536826,0.009718415336123502,0.008786798600811678,0.008566435237698365,0.007956293448040171,0.007478562647998005
0.002217319649637031,0.003626153213378659,0.005064403607548782,0.007309143404610386,0.009918816888558571,0.01265651833099383,0.0151856964786759,0.01713269320094188,0.01817567916771933,0.01813145248790379,0.01936833574273736,0.01854545808417905,0.01744013382144404,0.01632476086911456,0.01535604015924639,0.01454019629965922,0.01241646298141483,0.01091402982406744,0.01057824042755217,0.01015825709383365,0.009028951597215239,0.007734632047607941,0.006473860282321458,0.005381489265068771,0.004509424376573964,0.002360324480688309,0.002435249222508907,0.002360324480688309,0.002149099895885654,0.001838222553862663,0.001477053317493005,0.001114938338292962,0.0007906096687200192,0.000526659579378242,0,0,0,0,0,0,0,0,0,0,0.002149099895885654,0.003226181053686119,0.004549644515292227,0.00602729971149352,0.007501095686486469,0.008769669333553833,0.009631597514455409,0.009937337239224112,0.009631597514455409,0.008769669333553833,0.007501095686486469,0.00602729971149352,0.004549644515292227,0.003226181053686119,0.002149099895885654,0,0,0.002149099895885654,0.003226181053686119,0.004549644515292227,0.00602729971149352,0.008291705355206489,0.009956515016701778,0.01278237151376284,0.01437197653849817,0.01551801830144406,0.01613834885900937,0.01619978504219994,0.01571034149328497,0.01471260493581331,0.01328218745162125,0.01367739239040444,0.01147080041481667,0.01137878784161401,0.01135664386641088,0.01141862725287699,0.01098698898319087,0.01346897531263672,0.01348060395043022,0.01462840447928386,0.01538936304286881,0.01573943761498169,0.01565889722594893,0.01512788494284439,0.0146668704571318,0.01351794999215784,0.01074653585274837,0.009715395245988225,0.00845791626317764,0.008260845199007071,0.007577311873708839,0.007155898183885526
