0.02038617000769727,0.0192827043261878,0.01801922170663724,0.01512788494284439,0.01414021087775355,0.01272734032343782,0.009631597514455409,0.00823834192849522,0.00845791626317764,0.007756305854146613,0.007434783888271158,0.007515747125195668,0.006416027145122064,0.007501095686486469,0.00823834192849522,0.008499854973448386,0.00823834192849522,0.007501095686486469,0.006416027145122064,0.005155422644507358,0.00389151717706505,0.002759498889318159,0.001838222553862663,0,0,0,0,0.0007906096687200192,0.001186845683147944,0.001673720681814422,0.002217319649637031,0.005119823370006468,0.008246501082385232,0.01075739332567159,0.0134023576772834,0.01592410711147075,0.01801320121264888,0.01936503902836385,0.01975104318301945,0.0190817864536156,0.01743813690691833,0.01584686097742878,0.01296196203697028,0.01081302611841229,0.0100024465968066,0.009010863701457922,0.007063558851867434,0.00881928850476226,0.0107734403010491,0.01264255574179056,0.01425028773000809,0.01541601722031198,0.01598379594801932,0.01733201602905506,0.01723301974907414,0.01667605097851642,0.01527249228601156,0.01433023901280825,0.01316953776128,0.01116933822460721,0.01241633087862344,0.01231206031640674,0.01102410667632197,0.01177511635382234,0.01238084040026463,0.01275851941212591,0.0127955600771892,0.01239108314156044,0.01057824042755217,0.009631597514455409,0.00823834192849522,0.006619693709314979,0.004996806964828454,0.003543266711206109,0.002360324480688309,0.001838222553862663,0.002759498889318159,0.00389151717706505,0.005155422644507358,0.006416027145122064,0.007501095686486469,0.00823834192849522,0.008499854973448386,0.00823834192849522,0.007501095686486469,0.006416027145122064,0.005155422644507358,0.004682126845785069,0.003946344572466103,0.003511943235677085,0.002217319649637031,0.002759498889318159,0.003226181053686119,0.003543266711206109,0.003655742070297929,0.003543266711206109
0.02101106737399664,0.01996437795562972,0.01870613084442475,0.01591083678889589,0.01480374503143628,0.01327435430475575,0.009937337239224112,0.008499854973448386,0.008978925240134664,0.008381603698193477,0.008205386585590157,0.008462548934002428,0.007501095686486469,0.008769669333553833,0.009631597514455409,0.009937337239224112,0.009631597514455409,0.008769669333553833,0.007501095686486469,0.00602729971149352,0.004549644515292227,0.003226181053686119,0.002149099895885654,0,0,0,0,0.001114938338292962,0.001673720681814422,0.002360324480688309,0.003126921897670497,0.006040617072950704,0.009614048122841008,0.01230595036943884,0.01507423953306593,0.01765332529582228,0.01973534099396812,0.02102421037800693,0.02130260106538983,0.02049177696859211,0.01868173194386347,0.01664378929064414,0.0132339365253356,0.01082000549809255,0.01007180486573718,0.008964140988703507,0.007114244347418813,0.008863147433146035,0.01113393857822237,0.01338443115701028,0.01538848731451561,0.01690638982660689,0.01772834454126339,0.01955870103120131,0.01961956102661297,0.01913891565576488,0.01791394205663327,0.01687168872325431,0.01559784271329445,0.01323514889332367,0.01419222158054015,0.01382484746286965,0.0120507402017787,0.01244332685661559,0.01265651833099383,0.01266118651061888,0.01239109640377357,0.01177555979308677,0.009631597514455409,0.008769669333553833,0.007501095686486469,0.00602729971149352,0.004549644515292227,0.003226181053686119,0.002149099895885654,0.001477053317493005,0.002217319649637031,0.003126921897670497,0.004142498471769416,0.005155422644507358,0.00602729971149352,0.006619693709314979,0.00682982534424901,0.006619693709314979,0.00602729971149352,0.005155422644507358,0.004142498471769416,0.004241860235963459,0.003891040331451453,0.003837377798181314,0.003126921897670497,0.00389151717706505,0.004549644515292227,0.004996806964828454,0.005155422644507358,0.004996806964828454
0.02044854812560414,0.01949769579126176,0.01829964541256708,0.01573366307205952,0.01456977189436537,0.01301348965006107,0.009631597514455409,0.00823834192849522,0.008980018190003288,0.008540073676034562,0.008540073676034562,0.008980018190003288,0.00823834192849522,0.009631597514455409,0.01057824042755217,0.01091402982406744,0.01057824042755217,0.009631597514455409,0.00823834192849522,0.007146353288693221,0.005787416633548472,0.004658205049499071,0.003837377798181314,0.001838222553862663,0.002149099895885654,0.002360324480688309,0.002435249222508907,0.003837377798181314,0.004366419545522686,0.004965144451533159,0.005619551789262421,0.008108583536662984,0.01172650816541735,0.01426405151944439,0.01653489250404859,0.01906302056593056,0.02102949108446646,0.02216343390655641,0.02227395095967321,0.02130260106538983,0.01935001285057891,0.0166627497961689,0.01265651833099383,0.009918816888558571,0.009147365958473049,0.007823902496866941,0.006040617072950704,0.007590671867016265,0.01007176921541999,0.01265651833099383,0.01506816727274423,0.01699970994689677,0.01817567916771933,0.02056422540643956,0.02090268651903835,0.02061909698386702,0.01985615412778268,0.01876044954925302,0.0174377172316655,0.01478702015896277,0.0154313018633847,0.01482634562628247,0.01266118651061888,0.01265651833099383,0.01244332685661559,0.0120507402017787,0.01146452298218134,0.01064895486933404,0.00823834192849522,0.007501095686486469,0.006416027145122064,0.005155422644507358,0.00389151717706505,0.002759498889318159,0.001838222553862663,0.001114938338292962,0.001673720681814422,0.002360324480688309,0.003126921897670497,0.00389151717706505,0.004549644515292227,0.004996806964828454,0.005155422644507358,0.004996806964828454,0.004549644515292227,0.00389151717706505,0.003126921897670497,0.003837377798181314,0.003891040331451453,0.004241860235963459,0.004142498471769416,0.005155422644507358,0.00602729971149352,0.006619693709314979,0.00682982534424901,0.006619693709314979
0.01878581912361943,0.01795675726461872,0.01686641636036182,0.01462840447928386,0.01348060395043022,0.01199192199514372,0.008769669333553833,0.007501095686486469,0.008462548934002428,0.008205386585590157,0.008381603698193477,0.008978925240134664,0.008499854973448386,0.009937337239224112,0.01091402982406744,0.01126047832023017,0.01091402982406744,0.009937337239224112,0.008499854973448386,0.007620435012969029,0.006342268327655302,0.005329462752112352,0.004652568872145938,0.002759498889318159,0.003226181053686119,0.003543266711206109,0.003655742070297929,0.005381489265068771,0.005985679943004278,0.006651016066383209,0.007372742294144389,0.009566801144429491,0.01326558549995976,0.01569914020609185,0.01763916041004625,0.02001345828231756,0.02176673732647521,0.02266731836889245,0.02256348841630854,0.02142524071044746,0.01936503902836385,0.01662524271282543,0.01238084040026463,0.009746615606985476,0.009363226510351139,0.008246501082385232,0.006909968995980537,0.008387624192181829,0.01104436239769258,0.01376647629838229,0.01625129122377039,0.01817567916771933,0.01926319502891082,0.02170823424179431,0.02195839222176001,0.02160234710387414,0.02080093573906262,0.01970286491067656,0.01840039111965604,0.01557504739238062,0.01593434985276655,0.01515588455787751,0.01275851941212591,0.01238084040026463,0.01177511635382234,0.01102410667632197,0.01016296042052109,0.00919014982493732,0.006619693709314979,0.00602729971149352,0.005155422644507358,0.004142498471769416,0.003126921897670497,0.002217319649637031,0.001477053317493005,0.0007906096687200192,0.001186845683147944,0.001673720681814422,0.002217319649637031,0.002759498889318159,0.003226181053686119,0.003543266711206109,0.003655742070297929,0.003543266711206109,0.003226181053686119,0.002759498889318159,0.002217319649637031,0.003511943235677085,0.003946344572466103,0.004682126845785069,0.005155422644507358,0.006416027145122064,0.007501095686486469,0.00823834192849522,0.008499854973448386,0.00823834192849522
0.0162854164587495,0.01559084351342296,0.01464333373627295,0.01278798644378745,0.01172603602713451,0.01038744182438087,0.007501095686486469,0.006416027145122064,0.007515747125195668,0.007434783888271158,0.007756305854146613,0.00845791626317764,0.00823834192849522,0.009631597514455409,0.01057824042755217,0.01091402982406744,0.01057824042755217,0.009631597514455409,0.00823834192849522,0.007734632047607941,0.006670527646642875,0.005903591191894418,0.005487246378358806,0.00389151717706505,0.004549644515292227,0.004996806964828454,0.005155422644507358,0.007145906860714108,0.007775825568978345,0.008441161692357277,0.009154221609164017,0.01097635850546774,0.01455235991969158,0.01676260240373461,0.01821968178140197,0.02035294003576947,0.02181916882229444,0.02243523989053903,0.02209675218006831,0.02080692980035085,0.01868985539304578,0.01597795431217482,0.01162677687111888,0.00919014982493732,0.009189467807010089,0.008313947119797001,0.00743205618733736,0.008768793605200633,0.01146452298218134,0.01418124202974764,0.01660554013904569,0.01841512551055391,0.019347909761106,0.02169844425141972,0.02183142123801726,0.02140671386827775,0.0205963016426313,0.01954421737114096,0.01832496143140594,0.01546367433935966,0.01560159771220925,0.01473685040176751,0.01229766171991242,0.01162677687111888,0.01072134252131406,0.009705067159799585,0.008652549035126383,0.007590671867016265,0.004996806964828454,0.004549644515292227,0.00389151717706505,0.003126921897670497,0.002360324480688309,0.001673720681814422,0.001114938338292962,0.000526659579378242,0.0007906096687200192,0.001114938338292962,0.001477053317493005,0.001838222553862663,0.002149099895885654,0.002360324480688309,0.002435249222508907,0.002360324480688309,0.002149099895885654,0.001838222553862663,0.001477053317493005,0.003264038234178617,0.004016790722406138,0.005076304094670469,0.00602729971149352,0.007501095686486469,0.008769669333553833,0.009631597514455409,0.009937337239224112,0.009631597514455409
0.01331731484007031,0.01275829547277737,0.0119733320247209,0.01051121088638003,0.009589324233567169,0.00845791626317764,0.00602729971149352,0.005155422644507358,0.00629159836765507,0.006353102951356616,0.006766964164929258,0.007504353028986525,0.007501095686486469,0.008769669333553833,0.009631597514455409,0.009937337239224112,0.009631597514455409,0.008769669333553833,0.007501095686486469,0.007504353028986525,0.006766964164929258,0.006353102951356616,0.00629159836765507,0.005155422644507358,0.00602729971149352,0.006619693709314979,0.00682982534424901,0.008980018190003288,0.009570566422699628,0.01015222960933581,0.01076219218108439,0.01215587349488574,0.01539608732792869,0.0172722811380657,0.01812815643853292,0.0199574330261853,0.02109612049663675,0.02141320615415674,0.02085367620716507,0.019454103500102,0.01734768819244439,0.01475142088446188,0.01045566157813225,0.0082934143911294,0.008618901870485304,0.007989618450224056,0.007515747125195668,0.008668047898111672,0.01125935386276654,0.01382885441628916,0.01606945246857479,0.01767650546535223,0.01841512551055391,0.02053600364840764,0.02054297665810288,0.02006497423757268,0.01927621204030881,0.01831011114391521,0.01722226938147168,0.01446975760461722,0.01446413838210561,0.01360330866456277,0.01130531819626983,0.01045566157813225,0.009379192598633138,0.008222988018514572,0.007086533422412217,0.006016066550986239,0.003543266711206109,0.003226181053686119,0.002759498889318159,0.002217319649637031,0.001673720681814422,0.001186845683147944,0.0007906096687200192,0,0,0,0,0,0,0,0,0,0,0,0,0.002360324480688309,0.003543266711206109,0.004996806964828454,0.006619693709314979,0.00823834192849522,0.009631597514455409,0.01057824042755217,0.01091402982406744,0.01057824042755217
0.01210738250131964,0.01131460280778543,0.01033374090473285,0.008914338531218969,0.007899401873522631,0.006473860282321458,0.004549644515292227,0.00389151717706505,0.004965144451533159,0.005119823370006468,0.005565237858879472,0.00627036098280032,0.006416027145122064,0.007501095686486469,0.00823834192849522,0.008499854973448386,0.00823834192849522,0.007501095686486469,0.006416027145122064,0.006993645198370021,0.006651016066383209,0.006651016066383209,0.006993645198370021,0.006416027145122064,0.007501095686486469,0.00823834192849522,0.008499854973448386,0.01067359115100413,0.01168349733616264,0.01236205945834944,0.01310018632704933,0.01439508504738468,0.0174747682470106,0.01924247166579484,0.01964750063370371,0.02121480131193253,0.02194785730228454,0.02177894868357618,0.02073489463507599,0.01893013768191278,0.01655137781893196,0.01383375077864542,0.009504808583357716,0.007142238049786483,0.007700578664700555,0.007296107344270469,0.007145906860714108,0.008096747026807984,0.01098232115751049,0.01354912908084593,0.01583567723761455,0.0175465057860678,0.01844376269290835,0.0205494910155417,0.02065467280711866,0.02022428115643109,0.0194117308685038,0.01834888493808559,0.01711071483987422,0.01423557272961891,0.01379625480653235,0.01268987016938845,0.01041126725122504,0.008978149003979474,0.007865522265356183,0.006698744411177881,0.005586505534374429,0.004584349118394561,0.002360324480688309,0.002149099895885654,0.001838222553862663,0.001477053317493005,0.001114938338292962,0.0007906096687200192,0.001053319158756484,0.0007906096687200192,0.001114938338292962,0.001477053317493005,0.001838222553862663,0.002149099895885654,0.002360324480688309,0.002435249222508907,0.002360324480688309,0.002149099895885654,0.001838222553862663,0.001477053317493005,0.001114938338292962,0.003225858891228926,0.004182401649676171,0.005155422644507358,0.00682982534424901,0.008499854973448386,0.009937337239224112,0.01091402982406744,0.01126047832023017,0.01091402982406744
0.009526463054247418,0.008868335716020239,0.008026823633171039,0.007090436875042363,0.006120072420832371,0.004658205049499071,0.003226181053686119,0.002759498889318159,0.003694372967130036,0.003891040331451453,0.004313767580818442,0.004933108140489435,0.005155422644507358,0.00602729971149352,0.006619693709314979,0.00682982534424901,0.006619693709314979,0.00602729971149352,0.005155422644507358,0.00629159836765507,0.006353102951356616,0.006766964164929258,0.007504353028986525,0.007501095686486469,0.008769669333553833,0.009631597514455409,0.009937337239224112,0.01199192199514372,0.01310354571347996,0.01368474833446287,0.01432071410262292,0.01500530609342448,0.01745550001132235,0.0187130202664421,0.01834881371233859,0.01938940514235745,0.01959089137078358,0.01896561866866781,0.01761753452712836,0.01571398158791387,0.01345532932151575,0.01104826585032272,0.007206636813842083,0.005155422644507358,0.006040617072950704,0.005985679943004278,0.006387867069154889,0.007142238049786483,0.00996542603702091,0.01231683949739009,0.01443224009394033,0.01604617406592619,0.01694074091906579,0.01883087990593107,0.01895928393151809,0.01857136592368495,0.01779797838629792,0.01675990642955935,0.01553661636936078,0.01281598605882056,0.01184729633707723,0.01054012594993613,0.008291705355206489,0.006416027145122064,0.005155422644507358,0.00389151717706505,0.002759498889318159,0.001838222553862663,0,0,0,0,0,0,0.0007906096687200192,0.001186845683147944,0.001673720681814422,0.002217319649637031,0.002759498889318159,0.003226181053686119,0.003543266711206109,0.003655742070297929,0.003543266711206109,0.003226181053686119,0.002759498889318159,0.002217319649637031,0.001673720681814422,0.003547170163836254,0.004333876379926127,0.004996806964828454,0.006619693709314979,0.00823834192849522,0.009631597514455409,0.01057824042755217,0.01091402982406744,0.01057824042755217
0.008594751548244173,0.007724643340851318,0.006726744026210995,0.005707765844317154,0.004737033243949813,0.003150934149408329,0.002149099895885654,0.001838222553862663,0.002591991655785967,0.002788659020107384,0.003150934149408329,0.003653581477048739,0.00389151717706505,0.004549644515292227,0.004996806964828454,0.005155422644507358,0.004996806964828454,0.004549644515292227,0.00389151717706505,0.005487246378358806,0.005903591191894418,0.006670527646642875,0.007734632047607941,0.00823834192849522,0.009631597514455409,0.01057824042755217,0.01091402982406744,0.01272734032343782,0.01397271690643449,0.01446170712560187,0.01500731790149681,0.01562482454898542,0.017681506539318,0.01875888616007298,0.01806106610172306,0.01892951863073218,0.01892189894288964,0.01807803991327222,0.01653851059787355,0.01450639175721173,0.01220619924368941,0.009850120289193597,0.00627036098280032,0.004142498471769416,0.004965144451533159,0.00497681853895519,0.005368570494558055,0.005946032313227377,0.008717811166562971,0.01084853705011531,0.01281598605882056,0.01438627576043704,0.01535604015924639,0.01707106023047781,0.01728589582988548,0.01698103389789132,0.01625700366734904,0.0152240649384359,0.01397435909205826,0.0114203362887999,0.01037699550808526,0.00908402405984942,0.007142238049786483,0.005155422644507358,0.004142498471769416,0.003126921897670497,0.002217319649637031,0.001477053317493005,0,0,0,0,0,0,0.001114938338292962,0.001673720681814422,0.002360324480688309,0.003126921897670497,0.00389151717706505,0.004549644515292227,0.004996806964828454,0.005155422644507358,0.004996806964828454,0.004549644515292227,0.00389151717706505,0.003126921897670497,0.002360324480688309,0.003822820577700076,0.004341119391979081,0.004549644515292227,0.00602729971149352,0.007501095686486469,0.008769669333553833,0.009631597514455409,0.009937337239224112,0.009631597514455409
0.007304522540393012,0.005980721025632079,0.004603975215163501,0.003332257987929994,0.002267662986213024,0.000526659579378242,0,0,0.0007906096687200192,0.001186845683147944,0.001673720681814422,0.002217319649637031,0.002759498889318159,0.003752840633064361,0.004333876379926127,0.004770680408590891,0.005020320028699113,0.005064403607548782,0.004908598785203813,0.007012893352834248,0.007764711974621257,0.008702592808343613,0.009769534908854682,0.01033807752731105,0.01141439055671712,0.0120289681623604,0.01205108798895019,0.01327891195730834,0.01417388944603527,0.01460869180015047,0.01511216988642686,0.01571394826139884,0.01742719873958472,0.01837461154431207,0.01747987316345167,0.01819508917041473,0.0180123065728665,0.01699297137190781,0.01530765225384317,0.01318943829334182,0.01088322775181711,0.008605186718791921,0.005368570494558055,0.003126921897670497,0.003837377798181314,0.003891040331451453,0.004241860235963459,0.004669158051147658,0.007423085630720382,0.009359557699423513,0.01122366892447848,0.01281054636988109,0.01392421624970799,0.01552986224196831,0.01588408625814566,0.01569297277739504,0.01502263740054163,0.01397435909205826,0.01265917379478559,0.01025424377489083,0.009072954210897873,0.007740786193843727,0.006026697832785232,0.00389151717706505,0.003126921897670497,0.002360324480688309,0.001673720681814422,0.001114938338292962,0,0,0,0,0,0,0.001477053317493005,0.002217319649637031,0.003126921897670497,0.004142498471769416,0.005155422644507358,0.00602729971149352,0.006619693709314979,0.00682982534424901,0.006619693709314979,0.00602729971149352,0.005155422644507358,0.004142498471769416,0.003126921897670497,0.004055542203499694,0.004236552206811163,0.00389151717706505,0.0056820822238856,0.007206636813842083,0.008616034024779432,0.009715395245988225,0.01033807752731105,0.01038744182438087
0.006416027145122064,0.005155422644507358,0.00389151717706505,0.002759498889318159,0.001838222553862663,0,0,0,0.000526659579378242,0.0007906096687200192,0.001114938338292962,0.001477053317493005,0.001838222553862663,0.002939709564605673,0.003547170163836254,0.004108969904323329,0.004577644130325341,0.004908598785203813,0.005064403607548782,0.007380644509387423,0.008313947119797001,0.009330683344754582,0.01037253434237934,0.01099784081781338,0.01184891716409244,0.01225196110936659,0.01210087550721538,0.01284590341376519,0.0136871397179551,0.01412476271548387,0.01465370935814945,0.01530765225384317,0.01677720323654171,0.0176679595596377,0.01674188795455865,0.0173368683324004,0.0170251405293069,0.01640935896405819,0.01489240199681761,0.01305302495076875,0.01112915685540119,0.009300955814359945,0.006746821339066475,0.004577644130325341,0.005223908242616291,0.005220890845650676,0.005300034045293982,0.004965144451533159,0.007206793048420717,0.008424081742903348,0.009678933810613521,0.01083750486839296,0.01141283410995052,0.01284134987049872,0.01331670478870822,0.01382715713231155,0.01360659572754058,0.01304925359591201,0.01223419985459415,0.01053691190957613,0.009696359143248633,0.008663090081212577,0.007499652830057688,0.005119823370006468,0.004366419545522686,0.003511943235677085,0.002663899000640949,0.001905548007012982,0.0007906096687200192,0.000526659579378242,0,0,0,0,0.001838222553862663,0.002759498889318159,0.00389151717706505,0.005155422644507358,0.006942686724500306,0.008291705355206489,0.009353280266788182,0.00997690829094139,0.01007656448235788,0.009650195582372123,0.008776351625810374,0.007590671867016265,0.00625184165775336,0.006385652102696818,0.005893764757362356,0.004603975215163501,0.006048046478782397,0.007132877996375322,0.008227679972686183,0.00883701335895201,0.009589324233567169,0.009845874763001097
0.007501095686486469,0.00602729971149352,0.004549644515292227,0.003226181053686119,0.002149099895885654,0,0,0,0,0,0,0,0,0.001114938338292962,0.001673720681814422,0.002360324480688309,0.003126921897670497,0.00389151717706505,0.004549644515292227,0.007145906860714108,0.008381603698193477,0.00954645148012068,0.01057694422678575,0.01139261286355152,0.01189659123122433,0.01199192199514372,0.01161105792103853,0.01186147419104133,0.01259248991125391,0.0130876012208609,0.01370386612445624,0.0144684614038508,0.01580358083484306,0.01670618586298796,0.01590195849725573,0.01641119752154557,0.0160194645836103,0.01560089607522456,0.01417518774799322,0.01249659409650516,0.01080100932743199,0.009249718177182894,0.007213503503434435,0.005020320028699113,0.00556129007731091,0.005520722063074072,0.005426561314878783,0.00497681853895519,0.007125918434840844,0.00812608278918666,0.009279756909646279,0.01047365145051147,0.01104436239769258,0.01252250996661819,0.01318170607249359,0.01406020489587412,0.01396921719691078,0.01346845825237886,0.01265812490072918,0.01114712308149999,0.01021107479148725,0.009129772245580536,0.007953941862069238,0.005381489265068771,0.004703234371179124,0.003874437227611121,0.003007929318357051,0.002200380261192664,0.001186845683147944,0.0007906096687200192,0,0,0,0,0.002149099895885654,0.003226181053686119,0.004549644515292227,0.00602729971149352,0.008291705355206489,0.009956515016701778,0.01130531819626983,0.01215465688886114,0.01239109640377357,0.01199585038723995,0.01104436239769258,0.009683041781791449,0.008092911226498335,0.0075673004456652,0.006582319467018235,0.004577644130325341,0.005915580917777882,0.006752083542027417,0.007700578664700555,0.008123728862498951,0.009046939821572408,0.00954645148012068
0.00823834192849522,0.006619693709314979,0.004996806964828454,0.003543266711206109,0.002360324480688309,0,0,0,0,0,0,0,0,0.001477053317493005,0.002217319649637031,0.003126921897670497,0.004142498471769416,0.005155422644507358,0.00602729971149352,0.00845791626317764,0.009589324233567169,0.01051121088638003,0.01118272235600088,0.01157144978962942,0.01164359415825588,0.01136526382616572,0.01071717462308542,0.01050600491470824,0.01157492542970097,0.01242362420686262,0.01348448759726581,0.01474776309319119,0.01606224442536216,0.01716218667540984,0.01659430697853841,0.01689254575778245,0.0161647459619266,0.01565513463795219,0.01396760481380934,0.01213079218931071,0.01042551288393986,0.009016003225711198,0.007436628575358779,0.004996806964828454,0.0056820822238856,0.005787416633548472,0.005664582853585189,0.005368570494558055,0.007325468932221469,0.008052691087780072,0.009030852127331184,0.01016988127011685,0.01059866640918353,0.01178069741034106,0.01241646298141483,0.0135060214798534,0.01336689944765955,0.01278253166386374,0.01189192340554396,0.01051121088638003,0.00954645148012068,0.008540073676034562,0.007515747125195668,0.004996806964828454,0.004549644515292227,0.00389151717706505,0.003126921897670497,0.002360324480688309,0.001673720681814422,0.001114938338292962,0,0,0,0,0.002360324480688309,0.003543266711206109,0.004996806964828454,0.006619693709314979,0.009353280266788182,0.01130531819626983,0.01293856490824048,0.01404095172173793,0.01446975760461722,0.01418124202974764,0.01323514889332367,0.01177511635382234,0.009993613929656907,0.008883520895218355,0.007438687340901304,0.004800642579484919,0.006054697447818346,0.006650539220769611,0.007468041289649578,0.007685765182975524,0.008811164714805288,0.009570566422699628
0.008499854973448386,0.00682982534424901,0.005155422644507358,0.004182401649676171,0.003225858891228926,0.001114938338292962,0.001477053317493005,0.001838222553862663,0.002149099895885654,0.002360324480688309,0.002435249222508907,0.002360324480688309,0.002149099895885654,0.003676445107725325,0.004236552206811163,0.005006455515358012,0.005946032313227377,0.006942686724500306,0.007501095686486469,0.009715395245988225,0.01071717462308542,0.01136526382616572,0.01164359415825588,0.01157144978962942,0.01118272235600088,0.01051121088638003,0.009589324233567169,0.008984575842555883,0.01004376827144246,0.01111294873624619,0.0124486951155842,0.0140122894454192,0.01562577340828923,0.01700089609109155,0.01689254575778245,0.01727654487121641,0.0166063964311592,0.0164787941642659,0.01495372682989658,0.0132890052298495,0.01176225146681122,0.01052466997733147,0.009253158602722446,0.006619693709314979,0.00682982534424901,0.006619693709314979,0.00602729971149352,0.005155422644507358,0.006577747694278322,0.006782663967968426,0.007372742294144389,0.008306878661742016,0.008499854973448386,0.009937337239224112,0.01091402982406744,0.01273753163772317,0.01313134947370447,0.01306425913689461,0.0126423534452178,0.01198524798875637,0.01118272235600088,0.01027543577961291,0.009265074566757917,0.006619693709314979,0.00602729971149352,0.005155422644507358,0.004142498471769416,0.003126921897670497,0.002217319649637031,0.001477053317493005,0,0,0,0,0.002435249222508907,0.003655742070297929,0.005155422644507358,0.00682982534424901,0.00997690829094139,0.01215465688886114,0.01404095172173793,0.01540297679199958,0.01606945246857479,0.01596463695071763,0.01511954868276336,0.01365965068849802,0.01177511635382234,0.01020970136116969,0.008381281535736284,0.005257436810062378,0.006442197769026164,0.006815041092817853,0.007517670390443709,0.007515747125195668,0.008851276367630971,0.009861420167174778
0.00823834192849522,0.006619693709314979,0.004996806964828454,0.004333876379926127,0.003547170163836254,0.001673720681814422,0.002217319649637031,0.002759498889318159,0.003226181053686119,0.003543266711206109,0.003655742070297929,0.003543266711206109,0.003226181053686119,0.004908598785203813,0.00544350070332315,0.006223365197106649,0.007214145394641464,0.008291705355206489,0.008769669333553833,0.01074653585274837,0.01161105792103853,0.01199192199514372,0.01189659123122433,0.01139261286355152,0.01057694422678575,0.00954645148012068,0.008381603698193477,0.007145906860714108,0.008024907334273499,0.009108504570085579,0.01048405334318726,0.01210694008767378,0.01380357978737469,0.0152961803680406,0.01557504739238062,0.01606945246857479,0.01557504739238062,0.0160194645836103,0.01488935799487843,0.01363813278405053,0.01251255409002412,0.01163301453814259,0.01097635850546774,0.00823834192849522,0.008499854973448386,0.00823834192849522,0.007501095686486469,0.006416027145122064,0.007515747125195668,0.007434783888271158,0.007756305854146613,0.00845791626317764,0.00823834192849522,0.009631597514455409,0.01057824042755217,0.0127522523779301,0.01333773931687032,0.01352311469152046,0.01339376457300258,0.01303572085443704,0.01249790265131492,0.01178160863970133,0.01086017945413669,0.00823834192849522,0.007501095686486469,0.006416027145122064,0.005155422644507358,0.00389151717706505,0.002759498889318159,0.001838222553862663,0,0,0,0,0.002360324480688309,0.003543266711206109,0.004996806964828454,0.006619693709314979,0.01007656448235788,0.01239109640377357,0.01446975760461722,0.01606945246857479,0.01699426757267423,0.01713269320094188,0.01647668385699044,0.01511954868276336,0.01323514889332367,0.01104436239769258,0.008776351625810374,0.005155422644507358,0.006040617072950704,0.005985679943004278,0.006387867069154889,0.00602729971149352,0.007501095686486469,0.008769669333553833
0.007501095686486469,0.00602729971149352,0.004549644515292227,0.004341119391979081,0.003822820577700076,0.002360324480688309,0.003126921897670497,0.00389151717706505,0.004549644515292227,0.004996806964828454,0.005155422644507358,0.004996806964828454,0.004549644515292227,0.00625184165775336,0.006670188608876606,0.007357131445516763,0.0082934143911294,0.009353280266788182,0.009631597514455409,0.01136885009627219,0.01210087550721538,0.01225196110936659,0.01184891716409244,0.01099784081781338,0.009845874763001097,0.008540073676034562,0.007199008781504038,0.005903591191894418,0.006852334267064778,0.00820299959264131,0.009893886062599756,0.01184351886507736,0.01384336401414177,0.01558757871376737,0.01625129122377039,0.01676716258347312,0.01625129122377039,0.01694606894093301,0.01588269938467995,0.01471944269855516,0.01370386612445624,0.01294459638980962,0.01239582254693249,0.009631597514455409,0.009937337239224112,0.009631597514455409,0.008769669333553833,0.007501095686486469,0.008176399607379174,0.007775825568978345,0.007775825568978345,0.008176399607379174,0.007501095686486469,0.008769669333553833,0.009631597514455409,0.01208643713510977,0.01285777856814153,0.01331931384884606,0.01352839539797999,0.01352839539797999,0.01331931384884606,0.01285777856814153,0.01208643713510977,0.009631597514455409,0.008769669333553833,0.007501095686486469,0.00602729971149352,0.004549644515292227,0.003226181053686119,0.002149099895885654,0,0,0,0,0.002149099895885654,0.003226181053686119,0.004549644515292227,0.00602729971149352,0.009650195582372123,0.01199585038723995,0.01418124202974764,0.01596463695071763,0.01713269320094188,0.01753933866710767,0.01713269320094188,0.01596463695071763,0.01418124202974764,0.01199585038723995,0.009650195582372123,0.00602729971149352,0.006909968995980537,0.006769447764892227,0.007145906860714108,0.006619693709314979,0.00823834192849522,0.009631597514455409
0.006416027145122064,0.005155422644507358,0.00389151717706505,0.004236552206811163,0.004055542203499694,0.003126921897670497,0.004142498471769416,0.005155422644507358,0.00602729971149352,0.006619693709314979,0.00682982534424901,0.006619693709314979,0.00602729971149352,0.007590671867016265,0.007798240542067346,0.008282344542177855,0.009047144993886041,0.00997690829094139,0.009937337239224112,0.01144068940344568,0.01205108798895019,0.0120289681623604,0.01141439055671712,0.01033807752731105,0.008978925240134664,0.007515747125195668,0.006090991292806837,0.004795573703197217,0.005825545003610979,0.007357220332498979,0.009260087671623105,0.01142578362730768,0.01362266395896415,0.01552885095235118,0.01647668385699044,0.01699970994689677,0.01647668385699044,0.01736251585366125,0.01637532100145024,0.01530765225384317,0.01440272806344508,0.01375733970713154,0.01330804262218073,0.01057824042755217,0.01091402982406744,0.01057824042755217,0.009631597514455409,0.00823834192849522,0.00845791626317764,0.007756305854146613,0.007434783888271158,0.007515747125195668,0.006416027145122064,0.007501095686486469,0.00823834192849522,0.01086017945413669,0.01178160863970133,0.01249790265131492,0.01303572085443704,0.01339376457300258,0.01352311469152046,0.01333773931687032,0.0127522523779301,0.01057824042755217,0.009631597514455409,0.00823834192849522,0.006619693709314979,0.004996806964828454,0.003543266711206109,0.002360324480688309,0,0,0,0,0.001838222553862663,0.002759498889318159,0.00389151717706505,0.005155422644507358,0.008776351625810374,0.01104436239769258,0.01323514889332367,0.01511954868276336,0.01647668385699044,0.01713269320094188,0.01699426757267423,0.01606945246857479,0.01446975760461722,0.01239109640377357,0.01007656448235788,0.006619693709314979,0.00743205618733736,0.007199008781504038,0.007515747125195668,0.00682982534424901,0.008499854973448386,0.009937337239224112
0.006993645198370021,0.005619551789262421,0.004241860235963459,0.004846151872219713,0.004763211786189405,0.00389151717706505,0.005155422644507358,0.006416027145122064,0.007501095686486469,0.00823834192849522,0.008499854973448386,0.00823834192849522,0.007501095686486469,0.008776351625810374,0.008698689355713466,0.008888324141893503,0.009379192598633138,0.01007656448235788,0.009631597514455409,0.01057824042755217,0.01091402982406744,0.01057824042755217,0.009631597514455409,0.00823834192849522,0.006619693709314979,0.004996806964828454,0.003543266711206109,0.002360324480688309,0.003626153213378659,0.00544350070332315,0.007676566412962724,0.01016979818326294,0.01265651833099383,0.01479696904504735,0.01625129122377039,0.01676716258347312,0.01625129122377039,0.01723221826755626,0.01631226040129176,0.01532522082777029,0.01450639175721173,0.01394335567677154,0.01356349045260277,0.01091402982406744,0.01126047832023017,0.01091402982406744,0.009937337239224112,0.008499854973448386,0.008306878661742016,0.007372742294144389,0.006782663967968426,0.006577747694278322,0.005155422644507358,0.00602729971149352,0.006619693709314979,0.009265074566757917,0.01027543577961291,0.01118272235600088,0.01198524798875637,0.0126423534452178,0.01306425913689461,0.01313134947370447,0.01273753163772317,0.01091402982406744,0.009937337239224112,0.008499854973448386,0.00682982534424901,0.005155422644507358,0.003655742070297929,0.002435249222508907,0,0,0,0,0.001477053317493005,0.002217319649637031,0.003126921897670497,0.004142498471769416,0.007590671867016265,0.009683041781791449,0.01177511635382234,0.01365965068849802,0.01511954868276336,0.01596463695071763,0.01606945246857479,0.01540297679199958,0.01404095172173793,0.01215465688886114,0.00997690829094139,0.00682982534424901,0.007515747125195668,0.007199008781504038,0.00743205618733736,0.006619693709314979,0.00823834192849522,0.009631597514455409
0.006651016066383209,0.005344241547307529,0.004034045162502732,0.005009666260848021,0.0051317290606991,0.004549644515292227,0.00602729971149352,0.007501095686486469,0.008769669333553833,0.009631597514455409,0.009937337239224112,0.009631597514455409,0.008769669333553833,0.009650195582372123,0.00925348076517964,0.009099289030584453,0.00925348076517964,0.009650195582372123,0.008769669333553833,0.009631597514455409,0.009937337239224112,0.009631597514455409,0.008769669333553833,0.007501095686486469,0.00602729971149352,0.004549644515292227,0.003226181053686119,0.002149099895885654,0.003475262818981272,0.00521698739302053,0.007357131445516763,0.009746615606985476,0.01212985910556027,0.01418124202974764,0.01557504739238062,0.01606945246857479,0.01557504739238062,0.01654156651043594,0.01567312581676638,0.01474342257181393,0.01397682515483174,0.01345532932151575,0.01310686033343668,0.01057824042755217,0.01091402982406744,0.01057824042755217,0.009631597514455409,0.00823834192849522,0.007734632047607941,0.007197187226021117,0.006694200860614436,0.006602184716651769,0.005368570494558055,0.006387867069154889,0.007145906860714108,0.009876071605883977,0.01097532289854347,0.01190677596080899,0.01266031078226568,0.01320348638002838,0.01346897531263672,0.01336689944765955,0.01281957783108042,0.01110490000693041,0.009631597514455409,0.00823834192849522,0.006619693709314979,0.004996806964828454,0.003543266711206109,0.002360324480688309,0,0,0,0,0.001114938338292962,0.001673720681814422,0.002360324480688309,0.003126921897670497,0.00625184165775336,0.008092911226498335,0.009993613929656907,0.01177511635382234,0.01323514889332367,0.01418124202974764,0.01446975760461722,0.01404095172173793,0.01293856490824048,0.01130531819626983,0.009353280266788182,0.006619693709314979,0.007145906860714108,0.006769447764892227,0.006909968995980537,0.00602729971149352,0.007501095686486469,0.008769669333553833
0.006651016066383209,0.005344241547307529,0.004034045162502732,0.005220890845650676,0.00544881471821909,0.004996806964828454,0.006619693709314979,0.00823834192849522,0.009631597514455409,0.01057824042755217,0.01091402982406744,0.01057824042755217,0.009631597514455409,0.01007656448235788,0.009379192598633138,0.008888324141893503,0.008698689355713466,0.008776351625810374,0.007501095686486469,0.00823834192849522,0.008499854973448386,0.00823834192849522,0.007501095686486469,0.006416027145122064,0.005155422644507358,0.00389151717706505,0.002759498889318159,0.001838222553862663,0.003225858891228926,0.004842587753445874,0.00682914332632178,0.009047144993886041,0.01125935386276654,0.01316351829291023,0.01445729653527355,0.0149162203905281,0.01445729653527355,0.01531261818879588,0.01448553491645266,0.01359678950917827,0.0128564430378153,0.01234368343993234,0.01199552822478276,0.009631597514455409,0.009937337239224112,0.009631597514455409,0.008769669333553833,0.007501095686486469,0.006817909380213539,0.00652709986716019,0.006086747418648485,0.006040140227337108,0.00497681853895519,0.005985679943004278,0.006769447764892227,0.009348108677389692,0.01042518983519016,0.01131909228018445,0.0120129796544978,0.01247791422544166,0.01266070966500529,0.01249216387941778,0.01191479259109208,0.01042220718317543,0.008769669333553833,0.007501095686486469,0.00602729971149352,0.004549644515292227,0.003226181053686119,0.002149099895885654,0,0,0,0,0.0007906096687200192,0.001186845683147944,0.001673720681814422,0.002217319649637031,0.004908598785203813,0.006452362107372238,0.008092911226498335,0.009683041781791449,0.01104436239769258,0.01199585038723995,0.01239109640377357,0.01215465688886114,0.01130531819626983,0.009956515016701778,0.008291705355206489,0.00602729971149352,0.006387867069154889,0.005985679943004278,0.006040617072950704,0.005155422644507358,0.006416027145122064,0.007501095686486469
0.006993645198370021,0.005619551789262421,0.004241860235963459,0.005443178540865957,0.005659454967169176,0.005155422644507358,0.00682982534424901,0.008499854973448386,0.009937337239224112,0.01091402982406744,0.01126047832023017,0.01091402982406744,0.009937337239224112,0.00997690829094139,0.009047144993886041,0.008282344542177855,0.007798240542067346,0.007590671867016265,0.00602729971149352,0.006619693709314979,0.00682982534424901,0.006619693709314979,0.00602729971149352,0.005155422644507358,0.004142498471769416,0.003126921897670497,0.002217319649637031,0.001477053317493005,0.002886984060066552,0.004333876379926127,0.006111745303121416,0.008096747026807984,0.01007656448235788,0.01178069741034106,0.01293856490824048,0.01334927904657634,0.01293856490824048,0.01361891996420373,0.01283606337167604,0.01198826420387303,0.01126716794762877,0.01074990352504819,0.01038807974655302,0.00823834192849522,0.008499854973448386,0.00823834192849522,0.007501095686486469,0.006416027145122064,0.0056820822238856,0.005797065184078031,0.005548157909425543,0.005675600352043977,0.004965144451533159,0.006040617072950704,0.006909968995980537,0.009270278741200023,0.01027524601451383,0.01103742403777916,0.01154328971366225,0.01178459763968012,0.01174295592244993,0.01138927607790355,0.01070023523464105,0.009353280266788182,0.007501095686486469,0.006416027145122064,0.005155422644507358,0.00389151717706505,0.002759498889318159,0.001838222553862663,0,0,0,0,0.000526659579378242,0.0007906096687200192,0.001114938338292962,0.001477053317493005,0.003676445107725325,0.004908598785203813,0.00625184165775336,0.007590671867016265,0.008776351625810374,0.009650195582372123,0.01007656448235788,0.00997690829094139,0.009353280266788182,0.008291705355206489,0.006942686724500306,0.005155422644507358,0.005368570494558055,0.00497681853895519,0.004965144451533159,0.004142498471769416,0.005155422644507358,0.00602729971149352
