0,0,0,0,0,0,0,0,0,0,0,0,0,0,0,0,0,0,0,0,0,0,0,0,0,0,0,0,0,0,0,0,0,0,0.000526659579378242,0.0007906096687200192,0.001114938338292962,0.001477053317493005,0.001838222553862663,0.002149099895885654,0.002360324480688309,0.002435249222508907,0.002360324480688309,0.002149099895885654,0.001838222553862663,0.001477053317493005,0.001114938338292962,0.0007906096687200192,0.000526659579378242,0,0,0,0,0,0,0,0,0,0,0,0,0,0,0,0,0,0,0,0,0,0,0,0,0,0,0,0,0,0,0,0,0,0,0,0,0,0,0,0,0,0,0,0,0,0,0,0,0,0,0,0,0,0,0,0,0,0,0,0,0,0,0,0,0,0,0,0,0,0,0,0,0,0,0,0,0,0,0,0,0,0,0,0,0,0,0,0,0,0,0,0,0,0,0,0,0,0,0,0,0,0,0,0,0,0,0,0,0,0,0,0,0,0,0,0,0,0,0,0,0,0,0,0,0,0,0,0,0,0,0,0,0,0,0,0,0,0,0,0,0,0,0,0,0,0,0,0,0,0,0,0,0,0,0,0,0,0,0,0,0,0,0,0,0,0,0,0,0,0,0,0,0,0.00192665229074882,0.00289224764719151,0.0040787229315221,0.005403429974758396,0.006724677254492867,0.00786194422276411,0.008634656513790782,0.008908749934122823,0.008634656513790782,0.00786194422276411,0.006724677254492867,0.005403429974758396,0.0040787229315221,0.00481889993794033,0.00481889993794033,0.0040787229315221,0.005403429974758396,0.006724677254492867
0,0,0,0,0,0,0,0,0,0,0,0,0,0,0,0,0,0,0,0,0,0,0,0,0,0,0,0,0,0,0,0,0,0,0.0007906096687200192,0.001186845683147944,0.001673720681814422,0.002217319649637031,0.002759498889318159,0.003226181053686119,0.003543266711206109,0.003655742070297929,0.003543266711206109,0.003226181053686119,0.002759498889318159,0.002217319649637031,0.001673720681814422,0.001186845683147944,0.0007906096687200192,0,0,0,0,0,0,0,0,0,0,0,0,0,0,0,0,0,0,0,0,0,0,0,0,0,0,0,0,0,0,0,0,0,0,0,0,0,0,0,0,0,0,0,0,0,0,0,0,0,0,0,0,0,0,0,0,0,0,0,0,0,0,0,0,0,0,0,0,0,0,0,0,0,0,0,0,0,0,0,0,0,0,0,0,0,0,0,0,0,0,0,0,0,0,0,0,0,0,0,0,0,0,0,0,0,0,0,0,0,0,0,0,0,0,0,0,0,0,0,0,0,0,0,0,0,0,0,0,0,0,0,0,0,0,0,0,0,0,0,0,0,0,0,0,0,0,0,0,0,0,0,0,0,0,0,0,0,0,0,0,0,0,0,0.000526659579378242,0.0007906096687200192,0.001114938338292962,0.001477053317493005,0.001838222553862663,0.002149099895885654,0.002360324480688309,0.002435249222508907,0.002360324480688309,0.002149099895885654,0.004090707286331839,0.004858433392714948,0.005883448554350005,0.007107859324795279,0.008388603802142352,0.009191544013589289,0.01009493620661047,0.01041538388029435,0.01009493620661047,0.009191544013589289,0.00786194422276411,0.006317249656075261,0.004768510216057042,0.005633864807691119,0.005633864807691119,0.004768510216057042,0.006317249656075261,0.00786194422276411
0,0,0,0,0,0,0,0,0,0,0,0,0,0,0,0,0,0,0,0,0,0,0,0,0,0,0,0,0,0,0,0,0,0,0.001114938338292962,0.001673720681814422,0.002360324480688309,0.003126921897670497,0.00389151717706505,0.004549644515292227,0.004996806964828454,0.005155422644507358,0.004996806964828454,0.004549644515292227,0.00389151717706505,0.003126921897670497,0.002360324480688309,0.001673720681814422,0.001114938338292962,0,0,0,0,0,0,0,0,0,0,0,0,0,0,0,0,0,0,0,0,0,0,0,0,0,0,0,0,0,0,0,0,0,0,0,0,0,0,0,0,0,0,0,0,0,0,0,0,0,0,0,0,0,0,0,0,0,0,0,0,0,0,0,0,0,0,0,0,0,0,0,0,0,0,0,0,0,0,0,0,0,0,0,0,0,0,0,0,0,0,0,0,0,0,0,0,0,0,0,0,0,0,0,0,0,0,0,0,0,0,0,0,0,0,0,0,0,0,0,0,0,0,0,0,0,0,0,0,0,0,0,0,0,0,0,0,0,0,0,0,0,0,0,0,0,0,0,0,0,0,0,0,0,0,0,0,0,0,0,0,0,0,0,0.0007906096687200192,0.001186845683147944,0.001673720681814422,0.002217319649637031,0.002759498889318159,0.003226181053686119,0.003543266711206109,0.003655742070297929,0.003543266711206109,0.003226181053686119,0.005233369399759304,0.00593103913998625,0.006910904593515932,0.008124987108030127,0.009425266182510801,0.01009493620661047,0.01108711842807573,0.01143906134632895,0.01108711842807573,0.01009493620661047,0.008634656513790782,0.006938141424882182,0.00523718391170151,0.006187590000790364,0.006187590000790364,0.00523718391170151,0.006938141424882182,0.008634656513790782
0,0,0,0,0,0,0,0,0,0,0,0,0,0,0,0,0,0,0,0,0,0,0,0,0,0,0,0,0,0,0,0,0,0,0.001477053317493005,0.002217319649637031,0.003126921897670497,0.004142498471769416,0.005155422644507358,0.00602729971149352,0.006619693709314979,0.00682982534424901,0.006619693709314979,0.00602729971149352,0.005155422644507358,0.004142498471769416,0.003126921897670497,0.002217319649637031,0.001477053317493005,0,0.000526659579378242,0.0007906096687200192,0.001114938338292962,0.001477053317493005,0.001838222553862663,0.002149099895885654,0.002360324480688309,0.002435249222508907,0.002360324480688309,0.002149099895885654,0.001838222553862663,0.001477053317493005,0.001114938338292962,0.0007906096687200192,0.000526659579378242,0,0,0,0,0,0,0,0,0,0,0,0,0,0,0,0,0,0,0,0,0,0,0,0,0,0,0,0,0,0,0,0,0,0,0,0,0,0,0,0,0,0,0,0,0,0,0,0,0,0,0,0,0,0,0,0,0,0,0,0,0,0,0,0,0,0,0,0,0,0,0,0,0,0,0,0,0,0,0,0,0,0,0,0,0,0,0,0,0,0,0,0,0,0,0,0,0,0,0,0,0,0,0,0,0,0,0,0,0,0,0,0,0,0,0,0,0,0,0,0,0,0,0,0,0,0,0,0,0,0,0,0,0,0,0,0,0,0,0,0,0,0,0,0,0,0,0,0.001114938338292962,0.001673720681814422,0.002360324480688309,0.003126921897670497,0.00389151717706505,0.004549644515292227,0.004996806964828454,0.005155422644507358,0.004996806964828454,0.004549644515292227,0.006443916767219142,0.006958527499139231,0.007763754455446706,0.008832102357233043,0.01002368827241579,0.01041538388029435,0.01143906134632895,0.0118021761320527,0.01143906134632895,0.01041538388029435,0.008908749934122823,0.007158381675418621,0.005403429974758396,0.006384005191622826,0.006384005191622826,0.005403429974758396,0.007158381675418621,0.008908749934122823
0,0,0,0,0,0,0,0,0,0,0,0,0,0,0,0,0,0,0,0,0,0,0,0,0,0,0,0,0,0,0,0,0,0,0.001838222553862663,0.002759498889318159,0.00389151717706505,0.005155422644507358,0.006416027145122064,0.007501095686486469,0.00823834192849522,0.008499854973448386,0.00823834192849522,0.007501095686486469,0.006416027145122064,0.005155422644507358,0.00389151717706505,0.002759498889318159,0.001838222553862663,0,0.0007906096687200192,0.001186845683147944,0.001673720681814422,0.002217319649637031,0.002759498889318159,0.003226181053686119,0.003543266711206109,0.003655742070297929,0.003543266711206109,0.003226181053686119,0.002759498889318159,0.002217319649637031,0.001673720681814422,0.001186845683147944,0.0007906096687200192,0,0,0,0,0,0,0,0,0,0,0,0,0,0,0,0,0,0,0,0,0,0,0,0,0,0,0,0,0,0,0,0,0,0,0,0,0,0,0,0,0,0,0,0,0,0,0,0,0,0,0,0,0,0,0,0,0,0,0,0,0,0,0,0,0,0,0,0,0,0,0,0,0,0,0,0,0,0,0,0,0,0,0,0,0,0,0,0,0,0,0,0,0,0,0,0,0,0,0,0,0,0,0,0,0,0,0,0,0,0,0,0,0,0,0,0,0,0,0,0,0,0,0,0,0,0,0,0,0,0,0,0.000526659579378242,0.0007906096687200192,0.001114938338292962,0.001477053317493005,0.001838222553862663,0.002149099895885654,0.002360324480688309,0.002435249222508907,0.002360324480688309,0.002149099895885654,0.001838222553862663,0.001477053317493005,0.001114938338292962,0.0007906096687200192,0.000526659579378242,0,0.001477053317493005,0.002217319649637031,0.003126921897670497,0.004142498471769416,0.005155422644507358,0.00602729971149352,0.006619693709314979,0.00682982534424901,0.006619693709314979,0.00602729971149352,0.007629293154948502,0.007856217962118633,0.008364105809372007,0.009155461074519214,0.01011170983128379,0.01009493620661047,0.01108711842807573,0.01143906134632895,0.01108711842807573,0.01009493620661047,0.008634656513790782,0.006938141424882182,0.00523718391170151,0.006187590000790364,0.006187590000790364,0.00523718391170151,0.006938141424882182,0.008634656513790782
0,0,0,0,0,0,0,0,0,0,0,0,0,0,0,0,0,0,0,0,0,0,0,0,0,0,0,0,0,0,0,0,0,0,0.002149099895885654,0.003226181053686119,0.004549644515292227,0.00602729971149352,0.007501095686486469,0.008769669333553833,0.009631597514455409,0.009937337239224112,0.009631597514455409,0.008769669333553833,0.007501095686486469,0.00602729971149352,0.004549644515292227,0.003226181053686119,0.002149099895885654,0,0.001114938338292962,0.001673720681814422,0.002360324480688309,0.003126921897670497,0.00389151717706505,0.004549644515292227,0.004996806964828454,0.005155422644507358,0.004996806964828454,0.004549644515292227,0.00389151717706505,0.003126921897670497,0.002360324480688309,0.001673720681814422,0.001114938338292962,0,0,0,0,0,0,0,0,0,0,0,0,0,0,0,0,0,0,0,0,0,0,0,0,0,0,0,0,0,0,0,0,0,0,0,0,0,0,0,0,0,0,0,0,0,0.000526659579378242,0.0007906096687200192,0.001114938338292962,0.001477053317493005,0.001838222553862663,0.002149099895885654,0.002360324480688309,0.002435249222508907,0.002360324480688309,0.002149099895885654,0.001838222553862663,0.001477053317493005,0.001114938338292962,0.0007906096687200192,0.000526659579378242,0,0,0,0,0,0,0,0,0,0,0,0,0,0,0,0,0,0,0,0,0,0,0,0,0,0,0,0,0,0,0,0,0,0,0,0,0,0,0,0,0,0,0,0,0,0,0,0,0,0,0,0,0,0,0,0,0,0,0,0,0,0,0,0,0,0,0,0,0,0,0,0.0007906096687200192,0.001186845683147944,0.001673720681814422,0.002217319649637031,0.002759498889318159,0.003226181053686119,0.003543266711206109,0.003655742070297929,0.003543266711206109,0.003226181053686119,0.002759498889318159,0.002217319649637031,0.001673720681814422,0.001186845683147944,0.0007906096687200192,0,0.001838222553862663,0.002759498889318159,0.00389151717706505,0.005155422644507358,0.006416027145122064,0.007501095686486469,0.008765001507873462,0.009290464642168405,0.009353280266788182,0.008978149003979474,0.0105067344314539,0.01068590261561496,0.0110203518738104,0.01151199776790233,0.01206049125731508,0.01134064390947494,0.01193315876047313,0.01189243719778735,0.01120987454490343,0.009982153682309309,0.008388603802142352,0.006317249656075261,0.004768510216057042,0.005633864807691119,0.005633864807691119,0.004768510216057042,0.006317249656075261,0.00786194422276411
0.001477053317493005,0.001114938338292962,0.0007906096687200192,0.000526659579378242,0,0,0,0,0,0,0,0,0,0,0,0,0,0,0,0,0,0,0,0,0,0,0,0,0,0,0,0,0,0,0.002360324480688309,0.003543266711206109,0.004996806964828454,0.006619693709314979,0.00823834192849522,0.009631597514455409,0.01057824042755217,0.01091402982406744,0.01057824042755217,0.009631597514455409,0.00823834192849522,0.006619693709314979,0.005523466544206696,0.004333876379926127,0.003475262818981272,0.001477053317493005,0.003315275871355668,0.004366419545522686,0.005487246378358806,0.006577747694278322,0.007515747125195668,0.008176399607379174,0.00845791626317764,0.008306878661742016,0.007734632047607941,0.006817909380213539,0.0056820822238856,0.004142498471769416,0.003126921897670497,0.002217319649637031,0.001477053317493005,0,0,0,0,0,0,0,0,0,0,0,0,0,0,0,0,0,0,0,0,0,0,0,0,0,0,0,0,0,0,0,0,0,0,0,0,0,0,0,0,0,0,0,0,0,0.0007906096687200192,0.001186845683147944,0.001673720681814422,0.002217319649637031,0.002759498889318159,0.003226181053686119,0.003543266711206109,0.003655742070297929,0.003543266711206109,0.003226181053686119,0.002759498889318159,0.002217319649637031,0.001673720681814422,0.001186845683147944,0.0007906096687200192,0,0,0,0,0,0,0,0,0,0,0,0,0,0,0,0,0,0,0,0,0,0,0,0,0,0,0,0,0,0,0,0,0,0,0,0,0,0,0,0,0,0,0,0,0,0,0,0,0,0,0,0,0,0,0,0,0,0,0,0,0,0,0,0,0,0,0,0,0,0,0,0.001114938338292962,0.001673720681814422,0.002360324480688309,0.003126921897670497,0.00389151717706505,0.004549644515292227,0.004996806964828454,0.005155422644507358,0.004996806964828454,0.004549644515292227,0.00389151717706505,0.003126921897670497,0.002360324480688309,0.001673720681814422,0.001114938338292962,0,0.002149099895885654,0.003226181053686119,0.004549644515292227,0.00602729971149352,0.007501095686486469,0.008769669333553833,0.01042220718317543,0.01112418292237206,0.01130531819626983,0.01098698898319087,0.01218724686655345,0.01214572841237115,0.01217163415802043,0.01228535309874244,0.01241704386158463,0.01108812527645023,0.01139415540310894,0.01112606958375986,0.0103083771956052,0.009048789905912055,0.007515286923212886,0.005403429974758396,0.0040787229315221,0.00481889993794033,0.00481889993794033,0.0040787229315221,0.005403429974758396,0.006724677254492867
0.002217319649637031,0.001673720681814422,0.001186845683147944,0.0007906096687200192,0,0,0,0,0,0,0,0,0,0,0,0,0,0,0,0,0,0,0,0,0,0,0,0,0,0,0,0,0,0,0.002435249222508907,0.003655742070297929,0.005155422644507358,0.00682982534424901,0.008499854973448386,0.009937337239224112,0.01091402982406744,0.01126047832023017,0.01091402982406744,0.009937337239224112,0.008499854973448386,0.00682982534424901,0.005946032313227377,0.004842587753445874,0.004108969904323329,0.002217319649637031,0.004597721443180821,0.005985679943004278,0.007434783888271158,0.008811164714805288,0.009959293856328173,0.01072727674017259,0.01099784081781338,0.01071717462308542,0.009912062610309642,0.008687941369634414,0.007206636813842083,0.005155422644507358,0.00389151717706505,0.002759498889318159,0.001838222553862663,0,0,0,0,0,0,0,0,0,0,0,0,0,0,0,0.000526659579378242,0.0007906096687200192,0.001114938338292962,0.001477053317493005,0.001838222553862663,0.002149099895885654,0.002360324480688309,0.002435249222508907,0.002360324480688309,0.002149099895885654,0.001838222553862663,0.001477053317493005,0.001114938338292962,0.0007906096687200192,0.000526659579378242,0,0,0,0,0,0,0,0,0,0,0,0,0,0,0,0.001114938338292962,0.001673720681814422,0.002360324480688309,0.003126921897670497,0.00389151717706505,0.004549644515292227,0.004996806964828454,0.005155422644507358,0.004996806964828454,0.004549644515292227,0.00389151717706505,0.003126921897670497,0.002360324480688309,0.001673720681814422,0.001114938338292962,0,0,0,0,0,0,0,0,0,0,0,0,0,0,0,0,0,0,0,0,0,0,0,0,0,0,0,0,0,0,0,0,0,0,0,0,0,0,0,0,0,0,0,0,0,0,0,0,0,0,0,0,0,0,0,0,0,0,0,0,0,0,0,0,0,0,0,0,0,0,0,0.001477053317493005,0.002217319649637031,0.003126921897670497,0.004142498471769416,0.005155422644507358,0.00602729971149352,0.006619693709314979,0.00682982534424901,0.006619693709314979,0.00602729971149352,0.005155422644507358,0.004142498471769416,0.003126921897670497,0.002217319649637031,0.001477053317493005,0,0.002360324480688309,0.003543266711206109,0.004996806964828454,0.006619693709314979,0.00823834192849522,0.009631597514455409,0.01169317876584513,0.01258775050588186,0.01293856490824048,0.01275851941212591,0.01367796771282669,0.01349332449782466,0.01327095987695814,0.01356712689515819,0.01355117108899518,0.01198183250966045,0.01230671191944024,0.01212352612695178,0.01144756580145614,0.01035129481857799,0.008953617535560265,0.006702102440754792,0.005426445843186882,0.005710317434346532,0.005349148197976874,0.00439228428559419,0.005132387628786502,0.005930089554136638
0.003126921897670497,0.002360324480688309,0.001673720681814422,0.001114938338292962,0,0,0,0,0,0,0,0,0,0,0,0,0,0,0,0,0,0,0,0,0,0,0,0,0,0,0,0,0,0,0.002360324480688309,0.003543266711206109,0.004996806964828454,0.006619693709314979,0.00823834192849522,0.009631597514455409,0.01057824042755217,0.01091402982406744,0.01057824042755217,0.009631597514455409,0.00823834192849522,0.006619693709314979,0.006111745303121416,0.00521698739302053,0.004720648961376619,0.003126921897670497,0.006040617072950704,0.007775825568978345,0.00954645148012068,0.01118272235600088,0.01249790265131492,0.01331931384884606,0.01352311469152046,0.01306425913689461,0.01199192199514372,0.01044339001536826,0.008616034024779432,0.00602729971149352,0.004549644515292227,0.003226181053686119,0.002149099895885654,0,0,0,0,0,0,0,0,0,0,0,0,0,0,0,0.0007906096687200192,0.001186845683147944,0.001673720681814422,0.002217319649637031,0.002759498889318159,0.003226181053686119,0.003543266711206109,0.003655742070297929,0.003543266711206109,0.003226181053686119,0.002759498889318159,0.002217319649637031,0.001673720681814422,0.001713505262526186,0.001581219337440038,0.001114938338292962,0.001477053317493005,0.001838222553862663,0.002149099895885654,0.002360324480688309,0.002435249222508907,0.002360324480688309,0.002149099895885654,0.001838222553862663,0.001477053317493005,0.001114938338292962,0.0007906096687200192,0.000526659579378242,0,0,0.001477053317493005,0.002217319649637031,0.003126921897670497,0.004142498471769416,0.005155422644507358,0.00602729971149352,0.006619693709314979,0.00682982534424901,0.006619693709314979,0.00602729971149352,0.005155422644507358,0.004142498471769416,0.003126921897670497,0.002217319649637031,0.001477053317493005,0,0,0,0,0,0,0,0,0,0,0,0,0,0,0,0,0,0,0,0,0,0,0,0,0,0,0,0,0,0,0,0,0,0,0,0,0,0,0,0,0,0,0,0,0,0,0,0,0,0,0,0,0,0,0,0,0,0,0,0,0,0,0,0,0,0,0,0,0,0,0,0.001838222553862663,0.002759498889318159,0.00389151717706505,0.005155422644507358,0.006416027145122064,0.007501095686486469,0.00823834192849522,0.008499854973448386,0.00823834192849522,0.007501095686486469,0.006416027145122064,0.0056820822238856,0.004682126845785069,0.003874437227611121,0.003315275871355668,0.001838222553862663,0.004584349118394561,0.006016066550986239,0.007590671867016265,0.00919014982493732,0.01064895486933404,0.01177555979308677,0.01386813645905345,0.01459273630816016,0.01483156139045795,0.01460649529037177,0.01482385130290048,0.01461136192924591,0.01424898686426348,0.01455352303056819,0.01432051154649393,0.01246953060936499,0.0126099262058459,0.01230542733584597,0.01159028686305813,0.01052909657690018,0.009211518319313033,0.006820612658507336,0.005700051564127263,0.005682309447766275,0.005140130208085148,0.004147591192255567,0.004464191630449172,0.004869332600242119
0.004142498471769416,0.003126921897670497,0.002217319649637031,0.001477053317493005,0,0,0,0,0,0,0,0,0,0,0,0,0,0,0,0,0,0,0,0,0,0,0,0,0,0,0,0,0,0,0.002149099895885654,0.003226181053686119,0.004549644515292227,0.00602729971149352,0.007501095686486469,0.008769669333553833,0.009631597514455409,0.009937337239224112,0.009631597514455409,0.008769669333553833,0.007501095686486469,0.00602729971149352,0.006026697832785232,0.00544350070332315,0.005276021793556151,0.004142498471769416,0.007515747125195668,0.009570566422699628,0.01161650067414343,0.01344951905356399,0.0148580356378102,0.01565889722594893,0.01573366307205952,0.01505652829583685,0.01370516232522266,0.01184891716409244,0.009715395245988225,0.006619693709314979,0.004996806964828454,0.003543266711206109,0.002360324480688309,0,0,0.000526659579378242,0.0007906096687200192,0.001114938338292962,0.001477053317493005,0.001838222553862663,0.002149099895885654,0.002360324480688309,0.002435249222508907,0.002360324480688309,0.002149099895885654,0.001838222553862663,0.001477053317493005,0.001114938338292962,0.001905548007012982,0.002200380261192664,0.002360324480688309,0.003126921897670497,0.00389151717706505,0.004549644515292227,0.004996806964828454,0.005155422644507358,0.004996806964828454,0.004549644515292227,0.00389151717706505,0.003126921897670497,0.002360324480688309,0.002464330350534441,0.002301784021440907,0.001673720681814422,0.002217319649637031,0.002759498889318159,0.003226181053686119,0.003543266711206109,0.003655742070297929,0.003543266711206109,0.003226181053686119,0.002759498889318159,0.002217319649637031,0.001673720681814422,0.001186845683147944,0.0007906096687200192,0,0,0.001838222553862663,0.002759498889318159,0.00389151717706505,0.005155422644507358,0.006416027145122064,0.007501095686486469,0.00823834192849522,0.009026514552826628,0.009028951597215239,0.008616034024779432,0.007893080462615068,0.006993645198370021,0.006040617072950704,0.005119823370006468,0.00427347177637157,0.002360324480688309,0.002149099895885654,0.001838222553862663,0.001477053317493005,0.001114938338292962,0.0007906096687200192,0.000526659579378242,0,0,0,0,0,0,0,0,0,0,0,0,0,0,0,0,0,0,0,0,0,0,0.000526659579378242,0.0007906096687200192,0.001114938338292962,0.001477053317493005,0.001838222553862663,0.002149099895885654,0.002360324480688309,0.002435249222508907,0.002360324480688309,0.002149099895885654,0.001838222553862663,0.001477053317493005,0.001114938338292962,0.0007906096687200192,0.000526659579378242,0,0,0,0,0,0,0,0,0,0,0,0,0,0,0,0,0,0,0,0,0,0,0,0,0,0,0,0.002149099895885654,0.003226181053686119,0.004549644515292227,0.00602729971149352,0.007501095686486469,0.008769669333553833,0.009631597514455409,0.009937337239224112,0.009631597514455409,0.008769669333553833,0.007501095686486469,0.006817909380213539,0.005736490198440171,0.004899901735500541,0.004366419545522686,0.002759498889318159,0.005586505534374429,0.007086533422412217,0.008652549035126383,0.01016296042052109,0.01146452298218134,0.01239109640377357,0.01463378263105186,0.01534724939520002,0.01565660328776516,0.01557762982768279,0.01548301189824525,0.01536472960826235,0.01498938576682705,0.01548204629616491,0.01516463473818946,0.01324280024239672,0.01325666853314178,0.01287854542304114,0.0121548811827065,0.01113768592936856,0.009885892845561531,0.007320793238045907,0.006303881388795605,0.005964100214153915,0.005199504934759362,0.004114561354191688,0.003997706955031875,0.004007185985484473
0.005155422644507358,0.00389151717706505,0.002759498889318159,0.001838222553862663,0,0,0,0,0,0,0,0,0,0,0,0,0,0,0,0,0,0,0,0,0,0,0,0,0,0,0,0,0,0,0.001838222553862663,0.002759498889318159,0.00389151717706505,0.005155422644507358,0.006416027145122064,0.007501095686486469,0.00823834192849522,0.008499854973448386,0.00823834192849522,0.007501095686486469,0.006416027145122064,0.005155422644507358,0.005729739730927713,0.005518997778636317,0.005729739730927713,0.005155422644507358,0.008851276367630971,0.0111568377567844,0.01339376457300258,0.01532968031769739,0.01673819690194361,0.01743843292571058,0.0173300569691895,0.01641590096473753,0.01480554700113249,0.01269683612854227,0.01033807752731105,0.00682982534424901,0.005155422644507358,0.003655742070297929,0.002435249222508907,0,0,0.0007906096687200192,0.001186845683147944,0.001673720681814422,0.002217319649637031,0.002759498889318159,0.003226181053686119,0.003543266711206109,0.003655742070297929,0.003543266711206109,0.003226181053686119,0.002759498889318159,0.002217319649637031,0.001673720681814422,0.002663899000640949,0.003007929318357051,0.003126921897670497,0.004142498471769416,0.005155422644507358,0.00602729971149352,0.006619693709314979,0.00682982534424901,0.006619693709314979,0.00602729971149352,0.005155422644507358,0.004142498471769416,0.003126921897670497,0.003332257987929994,0.003150773999307427,0.002360324480688309,0.003126921897670497,0.00389151717706505,0.004549644515292227,0.004996806964828454,0.005155422644507358,0.004996806964828454,0.004549644515292227,0.00389151717706505,0.003126921897670497,0.002360324480688309,0.001673720681814422,0.001114938338292962,0,0,0.002149099895885654,0.003226181053686119,0.004549644515292227,0.00602729971149352,0.007501095686486469,0.008769669333553833,0.009631597514455409,0.01072794690794413,0.01081844319760335,0.01044339001536826,0.009718415336123502,0.008786798600811678,0.007775825568978345,0.006769447764892227,0.005804841966183583,0.003543266711206109,0.003226181053686119,0.002759498889318159,0.002217319649637031,0.001673720681814422,0.001186845683147944,0.0007906096687200192,0,0,0,0,0,0,0,0,0.000526659579378242,0.0007906096687200192,0.001114938338292962,0.001477053317493005,0.001838222553862663,0.002149099895885654,0.002360324480688309,0.002435249222508907,0.002360324480688309,0.002149099895885654,0.001838222553862663,0.001477053317493005,0.001114938338292962,0.0007906096687200192,0.001317269248098261,0.001186845683147944,0.001673720681814422,0.002217319649637031,0.002759498889318159,0.003226181053686119,0.003543266711206109,0.003655742070297929,0.003543266711206109,0.003226181053686119,0.002759498889318159,0.002217319649637031,0.001673720681814422,0.001186845683147944,0.0007906096687200192,0,0,0,0,0,0,0,0,0,0,0,0,0,0,0,0,0,0,0,0,0,0,0,0,0,0,0,0.002360324480688309,0.003543266711206109,0.004996806964828454,0.006619693709314979,0.00823834192849522,0.009631597514455409,0.01057824042755217,0.01091402982406744,0.01057824042755217,0.009631597514455409,0.00823834192849522,0.007734632047607941,0.006670527646642875,0.005903591191894418,0.005487246378358806,0.00389151717706505,0.006698744411177881,0.008222988018514572,0.009705067159799585,0.01102410667632197,0.0120507402017787,0.01266118651061888,0.01490761930801156,0.01552384277359854,0.01585496271156206,0.01591190738334031,0.01500219137297294,0.01479696904504735,0.01418124202974764,0.01464057161040323,0.01399801705997809,0.01189659123122433,0.01164359415825588,0.01118272235600088,0.01057694422678575,0.009845874763001097,0.008978925240134664,0.006619693709314979,0.00602729971149352,0.005155422644507358,0.004142498471769416,0.003126921897670497,0.002217319649637031,0.001477053317493005
0.00602729971149352,0.004549644515292227,0.003226181053686119,0.002149099895885654,0,0,0,0,0,0,0,0,0,0,0,0,0,0,0,0,0,0,0,0,0,0,0,0,0,0,0,0,0,0,0.001477053317493005,0.002217319649637031,0.003126921897670497,0.004142498471769416,0.005155422644507358,0.00602729971149352,0.006619693709314979,0.00682982534424901,0.006619693709314979,0.00602729971149352,0.005155422644507358,0.004142498471769416,0.005276021793556151,0.00544350070332315,0.006026697832785232,0.00602729971149352,0.009861420167174778,0.01231293604475994,0.01462840447928386,0.01655703094853909,0.01786993944295063,0.01840126684800924,0.01807933611403863,0.01694132953556095,0.01512788494284439,0.01285777856814153,0.01038744182438087,0.006619693709314979,0.004996806964828454,0.003543266711206109,0.002360324480688309,0,0,0.001114938338292962,0.001673720681814422,0.002360324480688309,0.003126921897670497,0.00389151717706505,0.004549644515292227,0.004996806964828454,0.005155422644507358,0.004996806964828454,0.004549644515292227,0.00389151717706505,0.003126921897670497,0.002360324480688309,0.003511943235677085,0.003874437227611121,0.00389151717706505,0.005155422644507358,0.006416027145122064,0.007501095686486469,0.00823834192849522,0.008499854973448386,0.00823834192849522,0.007501095686486469,0.006416027145122064,0.005155422644507358,0.00389151717706505,0.004236552206811163,0.004055542203499694,0.003126921897670497,0.004142498471769416,0.005155422644507358,0.00602729971149352,0.006619693709314979,0.00682982534424901,0.006619693709314979,0.00602729971149352,0.005155422644507358,0.004142498471769416,0.003126921897670497,0.002217319649637031,0.001477053317493005,0,0,0.002360324480688309,0.003543266711206109,0.004996806964828454,0.006619693709314979,0.00823834192849522,0.009631597514455409,0.01057824042755217,0.0120289681623604,0.01225196110936659,0.01199192199514372,0.01136526382616572,0.01051121088638003,0.00954645148012068,0.008540073676034562,0.007515747125195668,0.004996806964828454,0.004549644515292227,0.00389151717706505,0.003126921897670497,0.002360324480688309,0.001673720681814422,0.001114938338292962,0,0,0,0,0,0,0,0,0.0007906096687200192,0.001186845683147944,0.001673720681814422,0.002217319649637031,0.002759498889318159,0.003226181053686119,0.003543266711206109,0.004182401649676171,0.004333876379926127,0.004341119391979081,0.004236552206811163,0.004055542203499694,0.003822820577700076,0.003547170163836254,0.004340797229521888,0.004034045162502732,0.004509424376573964,0.004965144451533159,0.005368570494558055,0.005664582853585189,0.005787416633548472,0.0056820822238856,0.004996806964828454,0.004549644515292227,0.00389151717706505,0.003126921897670497,0.002360324480688309,0.001673720681814422,0.001114938338292962,0,0,0,0,0,0,0,0,0,0.000526659579378242,0.0007906096687200192,0.001114938338292962,0.001477053317493005,0.001838222553862663,0.002149099895885654,0.002360324480688309,0.002435249222508907,0.002360324480688309,0.002149099895885654,0.001838222553862663,0.001477053317493005,0.001114938338292962,0.0007906096687200192,0.000526659579378242,0,0,0,0.002435249222508907,0.004182401649676171,0.005946032313227377,0.007944763682541971,0.00997690829094139,0.01177555979308677,0.01306312971995309,0.01362080280091848,0.01334927904657634,0.01229766171991242,0.01064895486933404,0.01014510121560468,0.008849795611637394,0.007897602306261388,0.007368357362998341,0.0056820822238856,0.007865522265356183,0.009379192598633138,0.01072134252131406,0.01177511635382234,0.01244332685661559,0.01265651833099383,0.01474116488095295,0.01517004358232499,0.0154524685429607,0.01559784271329445,0.01465436907361728,0.01478702015896277,0.01446975760461722,0.01551175126724826,0.01517596187073299,0.01352311469152046,0.01339376457300258,0.01303572085443704,0.01249790265131492,0.01178160863970133,0.01086017945413669,0.00823834192849522,0.007501095686486469,0.006416027145122064,0.005155422644507358,0.00389151717706505,0.002759498889318159,0.001838222553862663
0.006619693709314979,0.004996806964828454,0.003543266711206109,0.002360324480688309,0,0,0,0,0,0,0,0,0,0,0,0,0,0,0,0,0,0,0,0,0,0,0,0,0,0,0,0,0,0,0.001114938338292962,0.001673720681814422,0.002360324480688309,0.003126921897670497,0.00389151717706505,0.004549644515292227,0.004996806964828454,0.005155422644507358,0.004996806964828454,0.004549644515292227,0.00389151717706505,0.003126921897670497,0.004720648961376619,0.00521698739302053,0.006111745303121416,0.006619693709314979,0.01038744182438087,0.01285777856814153,0.01512788494284439,0.01694132953556095,0.01807933611403863,0.01840126684800924,0.01786993944295063,0.01655703094853909,0.01462840447928386,0.01231293604475994,0.009861420167174778,0.00602729971149352,0.004549644515292227,0.003226181053686119,0.002149099895885654,0,0,0.001477053317493005,0.002217319649637031,0.003126921897670497,0.004142498471769416,0.005155422644507358,0.00602729971149352,0.006619693709314979,0.00682982534424901,0.006619693709314979,0.00602729971149352,0.005155422644507358,0.004142498471769416,0.003126921897670497,0.004366419545522686,0.004703234371179124,0.004549644515292227,0.00602729971149352,0.007501095686486469,0.008769669333553833,0.009631597514455409,0.009937337239224112,0.01015825709383365,0.009560279002273853,0.008616034024779432,0.007504353028986525,0.006387867069154889,0.007213503503434436,0.007268923265892123,0.006326766399573957,0.007515747125195668,0.008565127041007719,0.009339318240349132,0.009715395245988225,0.009614793311741348,0.009028951597215239,0.008027755265864711,0.006416027145122064,0.005155422644507358,0.00389151717706505,0.002759498889318159,0.001838222553862663,0,0,0.002435249222508907,0.003655742070297929,0.005155422644507358,0.00682982534424901,0.008499854973448386,0.009937337239224112,0.01091402982406744,0.01273753163772317,0.01313134947370447,0.01306425913689461,0.0126423534452178,0.01198524798875637,0.01118272235600088,0.01027543577961291,0.009265074566757917,0.006619693709314979,0.00602729971149352,0.005155422644507358,0.004142498471769416,0.003126921897670497,0.002217319649637031,0.001477053317493005,0,0,0,0,0,0,0,0,0.001114938338292962,0.001673720681814422,0.002360324480688309,0.003126921897670497,0.00389151717706505,0.004549644515292227,0.004996806964828454,0.005946032313227377,0.006183652647976398,0.006223365197106649,0.006108836826702081,0.005886420786988656,0.005586505534374429,0.00521698739302053,0.006247733726083896,0.00576058636084314,0.006353102951356616,0.006901997361087575,0.007372742294144389,0.007701020393307942,0.007806539392462923,0.007620435012969029,0.006619693709314979,0.00602729971149352,0.005155422644507358,0.004142498471769416,0.003126921897670497,0.002217319649637031,0.001477053317493005,0,0,0,0,0,0,0,0,0,0.0007906096687200192,0.001186845683147944,0.001673720681814422,0.002217319649637031,0.002759498889318159,0.003226181053686119,0.003543266711206109,0.003655742070297929,0.003543266711206109,0.003226181053686119,0.002759498889318159,0.002217319649637031,0.001673720681814422,0.001186845683147944,0.0007906096687200192,0,0,0,0.002360324480688309,0.004333876379926127,0.006183652647976398,0.0082934143911294,0.01045566157813225,0.01239109640377357,0.01380442148123829,0.01445729653527355,0.0142339824978501,0.01317486422566152,0.01146452298218134,0.0112174151524958,0.009973625503783643,0.009108504570085579,0.008702592808343611,0.007206636813842083,0.008978149003979474,0.01045566157813225,0.01162677687111888,0.01290749997964288,0.01344712799971385,0.01355826519490855,0.01568741889382425,0.01621530714547465,0.01668371513902615,0.0170556720902935,0.01609052684046465,0.01644016019168184,0.01619005161762359,0.01746512041961552,0.01709431751273956,0.0156019200928093,0.01531776435366193,0.01485758061011372,0.01392509197806119,0.01328733958475334,0.01237258646173302,0.009631597514455409,0.008769669333553833,0.007501095686486469,0.00602729971149352,0.004549644515292227,0.003226181053686119,0.002149099895885654
0.00682982534424901,0.005155422644507358,0.003655742070297929,0.002435249222508907,0,0,0,0,0,0,0,0,0,0,0,0,0,0,0,0,0,0,0,0,0,0,0,0,0,0,0,0,0.000526659579378242,0.0007906096687200192,0.001905548007012982,0.002663899000640949,0.003511943235677085,0.004366419545522686,0.005119823370006468,0.005661430276195025,0.005903591191894418,0.005804841966183583,0.005908148844447013,0.005493844039899142,0.004989375565904083,0.004484982635850055,0.006473852037564233,0.006991687649331528,0.008306356793915688,0.009265074566757917,0.01269840200799936,0.01537259560380617,0.01743437922371517,0.01900789262052349,0.01992204862497547,0.02006726514829326,0.0194139563772075,0.01769000479838571,0.01582901379551149,0.01351716223747271,0.01100037626351662,0.006993645198370021,0.005368570494558055,0.003874437227611121,0.002628832222582682,0.000526659579378242,0,0.001838222553862663,0.002759498889318159,0.00389151717706505,0.005155422644507358,0.006416027145122064,0.007501095686486469,0.00823834192849522,0.008499854973448386,0.00823834192849522,0.007501095686486469,0.006416027145122064,0.005155422644507358,0.00389151717706505,0.005119823370006468,0.005381489265068771,0.004996806964828454,0.006619693709314979,0.00823834192849522,0.009631597514455409,0.01057824042755217,0.01091402982406744,0.01136885009627219,0.01081844319760335,0.009912062610309642,0.00883701335895201,0.007756305854146613,0.008918547660777883,0.009129772245580536,0.008205386585590157,0.009570566422699628,0.01072727674017259,0.01152916822287199,0.01184891716409244,0.01161105792103853,0.01081844319760335,0.009560279002273853,0.007501095686486469,0.00602729971149352,0.004549644515292227,0.003226181053686119,0.002149099895885654,0,0,0.002360324480688309,0.003543266711206109,0.004996806964828454,0.006619693709314979,0.00823834192849522,0.009631597514455409,0.01057824042755217,0.0127522523779301,0.01333773931687032,0.01352311469152046,0.01339376457300258,0.01303572085443704,0.01249790265131492,0.01178160863970133,0.01086017945413669,0.00823834192849522,0.007501095686486469,0.006416027145122064,0.005155422644507358,0.00389151717706505,0.002759498889318159,0.001838222553862663,0,0,0,0,0,0,0,0,0.001477053317493005,0.002217319649637031,0.003126921897670497,0.004142498471769416,0.005155422644507358,0.00602729971149352,0.006619693709314979,0.007944763682541971,0.0082934143911294,0.008387624192181829,0.008282344542177855,0.008034015648834466,0.007676566412962724,0.007214126614465485,0.008470698515863025,0.007756305854146613,0.008441161692357277,0.009046939821572408,0.009542949042792561,0.009861420167174778,0.009912062610309642,0.009614793311741348,0.00823834192849522,0.007501095686486469,0.006416027145122064,0.005155422644507358,0.00389151717706505,0.002759498889318159,0.001838222553862663,0,0,0,0,0,0,0,0,0,0.001114938338292962,0.001673720681814422,0.002360324480688309,0.003126921897670497,0.00389151717706505,0.004549644515292227,0.004996806964828454,0.005155422644507358,0.004996806964828454,0.004549644515292227,0.00389151717706505,0.003126921897670497,0.002360324480688309,0.001673720681814422,0.001114938338292962,0,0,0,0.002149099895885654,0.004341119391979081,0.006223365197106649,0.008387624192181829,0.01062801758415697,0.01266118651061888,0.01418124202974764,0.01493414420405257,0.01478702015896277,0.01376647629838229,0.0120507402017787,0.01206791678444422,0.01090274746664884,0.01013615004966666,0.009850120289193597,0.008616034024779432,0.009884607671846795,0.01130531819626983,0.01229766171991242,0.01354912908084593,0.01384803219376683,0.01372446088359312,0.01560175080664731,0.01600783276032385,0.01644597603702914,0.01686170483169897,0.0157856011758582,0.01630178612333201,0.0161647459619266,0.01770757387588833,0.01745376512668827,0.01630212516109828,0.01604488132095814,0.01564864530653022,0.01462840447928386,0.01412150713875827,0.01327435430475575,0.01057824042755217,0.009631597514455409,0.00823834192849522,0.006619693709314979,0.004996806964828454,0.003543266711206109,0.002360324480688309
0.006619693709314979,0.004996806964828454,0.003543266711206109,0.002360324480688309,0,0,0,0,0,0,0,0,0,0,0,0,0,0,0,0,0,0.000526659579378242,0.0007906096687200192,0.001114938338292962,0.001477053317493005,0.001838222553862663,0.002149099895885654,0.002360324480688309,0.002435249222508907,0.002360324480688309,0.002149099895885654,0.001838222553862663,0.002267662986213024,0.002301784021440907,0.002990989929912683,0.003534588897735293,0.003874437227611121,0.004703234371179124,0.005381489265068771,0.005804841966183583,0.005903591191894418,0.005661430276195025,0.005910433038726487,0.005553265228670629,0.005185663917491506,0.00488121865027798,0.007025371377019449,0.007560057433612246,0.009066733255412804,0.01027543577961291,0.01325866195719433,0.01586570788649858,0.01765150689768877,0.01894756862728831,0.01962470340351098,0.01960524179841503,0.01887482636021634,0.0169927857647701,0.01527224274444136,0.01311383313390574,0.01074192817888179,0.006901997361087575,0.005344241547307529,0.003891040331451453,0.002663899000640949,0.0007906096687200192,0,0.002149099895885654,0.003226181053686119,0.004549644515292227,0.00602729971149352,0.007501095686486469,0.008769669333553833,0.009631597514455409,0.009937337239224112,0.009631597514455409,0.008769669333553833,0.007501095686486469,0.00602729971149352,0.004549644515292227,0.005661430276195025,0.005804841966183583,0.005155422644507358,0.00682982534424901,0.008499854973448386,0.009937337239224112,0.01091402982406744,0.01126047832023017,0.0120289681623604,0.01161105792103853,0.01086017945413669,0.009956747241919507,0.009046939821572408,0.01056571106627847,0.01097532289854347,0.01015222960933581,0.01161650067414343,0.01278798644378745,0.01352311469152046,0.01370516232522266,0.01327435430475575,0.01225196110936659,0.01074653585274837,0.00823834192849522,0.006619693709314979,0.004996806964828454,0.003543266711206109,0.002360324480688309,0,0,0.002149099895885654,0.003226181053686119,0.004549644515292227,0.00602729971149352,0.007501095686486469,0.008769669333553833,0.009631597514455409,0.01208643713510977,0.01285777856814153,0.01331931384884606,0.01352839539797999,0.01352839539797999,0.0138459734282243,0.01364838823686155,0.01320137547340273,0.01110865083194841,0.0106078918874165,0.009650195582372123,0.008387624192181829,0.006984893737801133,0.005586505534374429,0.004298199791771308,0.001838222553862663,0.001477053317493005,0.001114938338292962,0.0007906096687200192,0.000526659579378242,0,0,0,0.001838222553862663,0.002759498889318159,0.00389151717706505,0.005155422644507358,0.006416027145122064,0.007501095686486469,0.00823834192849522,0.00997690829094139,0.01045566157813225,0.01062801758415697,0.01055852561689148,0.01031084528901472,0.009918816888558571,0.009379192598633138,0.01081714779399733,0.009845874763001097,0.01057694422678575,0.01118272235600088,0.01164359415825588,0.01189659123122433,0.01184891716409244,0.01141439055671712,0.009631597514455409,0.008769669333553833,0.007501095686486469,0.00602729971149352,0.004549644515292227,0.003226181053686119,0.002149099895885654,0,0,0,0,0,0,0,0,0,0.001477053317493005,0.002217319649637031,0.003126921897670497,0.004142498471769416,0.005155422644507358,0.00602729971149352,0.006619693709314979,0.00682982534424901,0.006619693709314979,0.00602729971149352,0.005155422644507358,0.004142498471769416,0.003126921897670497,0.002217319649637031,0.001477053317493005,0,0,0,0.001838222553862663,0.004236552206811163,0.006108836826702081,0.008282344542177855,0.01108518519626972,0.01344712799971385,0.0153805799782817,0.01659660200025637,0.01690638982660689,0.0162698892916871,0.01480365133730389,0.01510641899221193,0.01393760684072888,0.01303232764770276,0.01251345846667734,0.01119244856348123,0.01153714552146839,0.01255569577942013,0.0131144100852601,0.01391049841548216,0.01406481708558799,0.01382484746286965,0.01543898221407724,0.01577024726587755,0.01618582245299667,0.0166106122106964,0.01541601722031198,0.01598379594801932,0.01585496271156206,0.01745094932194602,0.01720487115114385,0.0162854164587495,0.0160046417125499,0.01564209302323487,0.01448698175451634,0.01414021087775355,0.01340957821611582,0.01091402982406744,0.009937337239224112,0.008499854973448386,0.00682982534424901,0.005155422644507358,0.003655742070297929,0.002435249222508907
