0.004938258778149648,0.003501749830061668,0.002332668275577605,0,0,0,0,0,0,0,0,0,0.001168573684944738,0.001754236873503379,0.002473870510441145,0.003277345947301228,0.0040787229315221,0.004768510216057042,0.007569852187279114,0.008905179804820064,0.01017544268985116,0.01131064018000873,0.01338910890422379,0.01455032575167079,0.01540203493626278,0.01581773164805641,0.01570159053184733,0.01428725314692323,0.01337899619945846,0.01194555993871008,0.01114142246751015,0.00972036744358945,0.008456370412451307,0.005986503230468497,0.005845471224443777,0.005696037461362127,0.005497794696646656,0.004466645238430049,0.004329221011701917,0.003941800587858749,0.003371600714002633,0.00270915728316727,0.002044979205351603,0.00145010739747074,0.0009659797776589963,0,0,0,0,0,0,0,0,0,0,0,0,0,0,0,0.0007906096687200192,0.001186845683147944,0.001673720681814422,0.002217319649637031,0.002759498889318159,0.003226181053686119,0.003543266711206109,0.003655742070297929,0.003543266711206109,0.003226181053686119,0.002759498889318159,0.002217319649637031,0.001673720681814422,0.001186845683147944,0.0007906096687200192,0,0,0,0,0,0,0,0,0,0,0,0,0,0,0,0,0,0,0,0,0
0.005773409429493232,0.004093960320196024,0.002727165509772186,0,0,0,0,0,0,0,0,0,0.001548108607266416,0.002323986273217453,0.003277345947301228,0.004341777960066483,0.005403429974758396,0.006317249656075261,0.009665306934654368,0.01125234199561465,0.01271155085437541,0.01396577447416941,0.016470281512891,0.01779430217810516,0.0187769997527514,0.01927604979035359,0.01917384644017376,0.01744578760089649,0.01645688435574837,0.01480690649351277,0.01403188866488636,0.01239327178591108,0.01092575065131659,0.00804475692330683,0.007885777725688688,0.007711788873243967,0.007465452141787405,0.006105180181649469,0.005917343534520988,0.005387802600026513,0.004608431778387461,0.003702978963240348,0.002795155166786011,0.001982061809639798,0.001320337810510944,0,0.000526659579378242,0.0007906096687200192,0.001114938338292962,0.001477053317493005,0.001838222553862663,0.002149099895885654,0.002360324480688309,0.002435249222508907,0.002360324480688309,0.002149099895885654,0.001838222553862663,0.001477053317493005,0.001114938338292962,0.0007906096687200192,0.001641597917671204,0.001673720681814422,0.002360324480688309,0.003126921897670497,0.00389151717706505,0.004549644515292227,0.004996806964828454,0.005155422644507358,0.005523466544206696,0.005340254184012246,0.005006455515358012,0.004603975215163501,0.004198547034550972,0.003822820577700076,0.003475262818981272,0.002435249222508907,0.002360324480688309,0.002149099895885654,0.001838222553862663,0.001477053317493005,0.001114938338292962,0.0007906096687200192,0.000526659579378242,0.000526659579378242,0.0007906096687200192,0.001114938338292962,0.001477053317493005,0.001838222553862663,0.002149099895885654,0.002360324480688309,0.002435249222508907,0.002360324480688309,0.002149099895885654,0.001838222553862663,0.001477053317493005,0.001114938338292962
0.008701174266013809,0.006645435680566816,0.004833427908405472,0.001477053317493005,0.001114938338292962,0.0007906096687200192,0.000526659579378242,0,0,0,0,0,0.00192665229074882,0.00289224764719151,0.0040787229315221,0.005403429974758396,0.006724677254492867,0.00786194422276411,0.01162986186833359,0.01340508571880399,0.01497550629911628,0.01626220537575253,0.01910562346062218,0.02051798548009885,0.02158102496391676,0.0221453668643179,0.02207490864611424,0.02008425208091305,0.01908895042917128,0.01730901108711124,0.01667085360642618,0.01490329774846887,0.01330893288677498,0.01015814908101902,0.009996066466043087,0.009810323125721851,0.009524671788346645,0.0078392065266962,0.007598019497597825,0.00691807547853034,0.005917343534520988,0.004754719106260628,0.003589050277739301,0.002545017741023601,0.001695347307309895,0,0.0007906096687200192,0.001186845683147944,0.001673720681814422,0.002217319649637031,0.002759498889318159,0.003226181053686119,0.003543266711206109,0.003655742070297929,0.003543266711206109,0.003226181053686119,0.002759498889318159,0.002217319649637031,0.001673720681814422,0.001186845683147944,0.002267662986213024,0.002217319649637031,0.003126921897670497,0.004142498471769416,0.005155422644507358,0.00602729971149352,0.006619693709314979,0.00682982534424901,0.007410303378034997,0.007214145394641464,0.00682914332632178,0.006359818121406447,0.005886420786988656,0.00544350070332315,0.005020320028699113,0.003655742070297929,0.003543266711206109,0.003226181053686119,0.002759498889318159,0.002217319649637031,0.001673720681814422,0.001186845683147944,0.0007906096687200192,0.0007906096687200192,0.001186845683147944,0.001673720681814422,0.002217319649637031,0.002759498889318159,0.003226181053686119,0.003543266711206109,0.003655742070297929,0.003543266711206109,0.003226181053686119,0.002759498889318159,0.002217319649637031,0.001673720681814422
0.01008539667515779,0.007865245857433213,0.005849782267973715,0.002217319649637031,0.001673720681814422,0.001186845683147944,0.0007906096687200192,0,0,0,0,0,0.002252484732469176,0.003381380075221943,0.004768510216057042,0.006317249656075261,0.00786194422276411,0.009191544013589289,0.01318521958526602,0.01505444868404144,0.01663706617056215,0.0178584580794559,0.02090057778248509,0.02230891528836686,0.02338670967448208,0.02398795530302162,0.02396411819760128,0.02180182957065894,0.02088108503386227,0.01908229794616096,0.01868204537591376,0.0169004862018721,0.01528144861312158,0.01205253566954672,0.01190618898361192,0.01172617198520277,0.01141744568616208,0.009455888043959339,0.009164960953692899,0.008344791909980824,0.007137678767554879,0.00573528601347146,0.004329221011701917,0.003069877384535718,0.002044979205351603,0,0.001114938338292962,0.001673720681814422,0.002360324480688309,0.003126921897670497,0.00389151717706505,0.004549644515292227,0.004996806964828454,0.005155422644507358,0.004996806964828454,0.004549644515292227,0.00389151717706505,0.003126921897670497,0.002360324480688309,0.001673720681814422,0.002953160892155625,0.002759498889318159,0.00389151717706505,0.005155422644507358,0.006416027145122064,0.007501095686486469,0.00823834192849522,0.008499854973448386,0.009353280266788182,0.009174816368300892,0.008776351625810374,0.008282344542177855,0.0077830343541301,0.007309143404610386,0.006835029518691116,0.005155422644507358,0.004996806964828454,0.004549644515292227,0.00389151717706505,0.003126921897670497,0.002360324480688309,0.001673720681814422,0.001114938338292962,0.001114938338292962,0.001673720681814422,0.002360324480688309,0.003126921897670497,0.00389151717706505,0.004549644515292227,0.004996806964828454,0.005155422644507358,0.004996806964828454,0.004549644515292227,0.00389151717706505,0.003126921897670497,0.002360324480688309
0.01133765675015395,0.009045980299973388,0.006886722531607859,0.003126921897670497,0.002360324480688309,0.001673720681814422,0.001114938338292962,0,0,0,0,0,0.002473870510441145,0.003713719490349219,0.00523718391170151,0.007464801004260424,0.009425266182510801,0.01120987454490343,0.01555937710011154,0.01777361968487277,0.01957706810928688,0.0208555218402872,0.02399807016212133,0.02523449325406865,0.02604704682016123,0.02633977271146205,0.02600915944259749,0.02343218240305238,0.02233202201217624,0.02036598207869561,0.01974523323649922,0.01806989880068311,0.01653551196072802,0.01343707189894317,0.01332523356564425,0.01316960753430856,0.01285913183753612,0.01071492490938562,0.01038526132709497,0.009455888043959339,0.008088049653942744,0.00649893047406099,0.004905650092394428,0.003478626809391484,0.002317265023097996,0,0.001477053317493005,0.002217319649637031,0.003126921897670497,0.004142498471769416,0.005155422644507358,0.00602729971149352,0.006619693709314979,0.00682982534424901,0.006619693709314979,0.00602729971149352,0.005155422644507358,0.004142498471769416,0.003126921897670497,0.002217319649637031,0.003626153213378659,0.003226181053686119,0.004549644515292227,0.00602729971149352,0.007501095686486469,0.008769669333553833,0.009631597514455409,0.009937337239224112,0.01110865083194841,0.01098698898319087,0.01062801758415697,0.01016979818326294,0.009705067159799585,0.00925348076517964,0.008768793605200633,0.00682982534424901,0.006619693709314979,0.00602729971149352,0.005155422644507358,0.004142498471769416,0.003126921897670497,0.002217319649637031,0.001477053317493005,0.001477053317493005,0.002217319649637031,0.003126921897670497,0.004142498471769416,0.005155422644507358,0.00602729971149352,0.006619693709314979,0.00682982534424901,0.006619693709314979,0.00602729971149352,0.005155422644507358,0.004142498471769416,0.003126921897670497
0.01239310313880821,0.01012126003168954,0.007882588154279543,0.004142498471769416,0.003126921897670497,0.002217319649637031,0.001477053317493005,0,0,0,0,0,0.002552399590154092,0.003831605601468734,0.005403429974758396,0.00794899134413864,0.01009559561727077,0.01208910456210877,0.01638354650573817,0.01865563534156688,0.0204386518295083,0.02160717540959461,0.02463563452544103,0.02566179193291469,0.02625534886135186,0.02635977172327517,0.02590077703206289,0.02321764250693,0.02214464996034308,0.02024131061886687,0.01967918655275416,0.01821232316373072,0.01685795278463876,0.01407645715394896,0.01401311401483295,0.01389734602841109,0.01360745272726063,0.01140597819376194,0.01105505313710653,0.01006574042694235,0.008609684040074559,0.00691807547853034,0.005222037340743754,0.003702978963240348,0.002466715776931983,0,0.001838222553862663,0.002759498889318159,0.00389151717706505,0.005155422644507358,0.006416027145122064,0.007501095686486469,0.00823834192849522,0.008499854973448386,0.00823834192849522,0.007501095686486469,0.006416027145122064,0.005155422644507358,0.00389151717706505,0.002759498889318159,0.004198547034550972,0.003543266711206109,0.004996806964828454,0.006619693709314979,0.00823834192849522,0.009631597514455409,0.01057824042755217,0.01091402982406744,0.01241646298141483,0.01239109640377357,0.01212985910556027,0.01177511635382234,0.01141283410995052,0.01104436239769258,0.01059866640918353,0.008499854973448386,0.00823834192849522,0.007501095686486469,0.006416027145122064,0.005155422644507358,0.00389151717706505,0.002759498889318159,0.001838222553862663,0.001838222553862663,0.002759498889318159,0.00389151717706505,0.005155422644507358,0.006416027145122064,0.007501095686486469,0.00823834192849522,0.008499854973448386,0.00823834192849522,0.007501095686486469,0.006416027145122064,0.005155422644507358,0.00389151717706505
0.01317660070664487,0.01100284551654814,0.008748695420699669,0.005155422644507358,0.00389151717706505,0.002759498889318159,0.001838222553862663,0,0,0,0,0,0.002473870510441145,0.003713719490349219,0.00523718391170151,0.008053079763175144,0.0103083771956052,0.01245526068729878,0.01654670860132383,0.01883232835345567,0.0205750217215176,0.02163387313539061,0.02440576195649623,0.02516741081092604,0.02547830625407574,0.02532952691954826,0.02468974283728292,0.02197400361816496,0.0209026513976471,0.01909612964857359,0.01849209298315736,0.01729966499991249,0.01618936213011214,0.01385621690341252,0.01384686795177607,0.01377945991729157,0.01352892364754768,0.01140597819376194,0.01105505313710653,0.01006574042694235,0.008609684040074559,0.00691807547853034,0.005222037340743754,0.003702978963240348,0.002466715776931983,0,0.002149099895885654,0.003226181053686119,0.004549644515292227,0.00602729971149352,0.007501095686486469,0.008769669333553833,0.009631597514455409,0.009937337239224112,0.009631597514455409,0.008769669333553833,0.007501095686486469,0.00602729971149352,0.004549644515292227,0.003226181053686119,0.004584349118394561,0.003655742070297929,0.005155422644507358,0.00682982534424901,0.008499854973448386,0.009937337239224112,0.01091402982406744,0.01126047832023017,0.01306312971995309,0.01316351829291023,0.01304949948874061,0.01285712505574253,0.01265651833099383,0.01242541140385176,0.01206684673696432,0.009937337239224112,0.009631597514455409,0.008769669333553833,0.007501095686486469,0.00602729971149352,0.004549644515292227,0.003226181053686119,0.002149099895885654,0.002149099895885654,0.003226181053686119,0.004549644515292227,0.00602729971149352,0.007501095686486469,0.008769669333553833,0.009631597514455409,0.009937337239224112,0.009631597514455409,0.008769669333553833,0.007501095686486469,0.00602729971149352,0.004549644515292227
0.01359959991741681,0.01158340436942022,0.00937544730284141,0.00602729971149352,0.004549644515292227,0.003226181053686119,0.002149099895885654,0,0,0,0,0,0.002252484732469176,0.003381380075221943,0.004768510216057042,0.007794302973568265,0.01007926387240114,0.01231846591125979,0.01611178629473482,0.01838454156066809,0.02009023832106539,0.02106798682894705,0.02348638426343398,0.02396684825870633,0.02396458129659602,0.02352096644167118,0.02265718857999112,0.01996699072935394,0.01885438582019918,0.01714918630383013,0.01690686321204811,0.01627451552756717,0.01575688426980644,0.01429323344762926,0.01469478242386245,0.01498636801506694,0.01499807054025246,0.01315017413189453,0.01274558580778328,0.01160498793984499,0.009926272207805406,0.007975983791553995,0.006020588430687391,0.004269236478111503,0.002843924602476238,0,0.002360324480688309,0.003543266711206109,0.004996806964828454,0.006619693709314979,0.00823834192849522,0.009631597514455409,0.01057824042755217,0.01091402982406744,0.01057824042755217,0.009631597514455409,0.00823834192849522,0.006619693709314979,0.004996806964828454,0.003543266711206109,0.004720648961376619,0.003543266711206109,0.004996806964828454,0.006619693709314979,0.00823834192849522,0.009631597514455409,0.01057824042755217,0.01091402982406744,0.01293856490824048,0.01317486422566152,0.01323514889332367,0.01323938741862996,0.01323514889332367,0.01317486422566152,0.01293856490824048,0.01091402982406744,0.01057824042755217,0.009631597514455409,0.00823834192849522,0.006619693709314979,0.004996806964828454,0.003543266711206109,0.002360324480688309,0.002360324480688309,0.003543266711206109,0.004996806964828454,0.006619693709314979,0.00823834192849522,0.009631597514455409,0.01057824042755217,0.01091402982406744,0.01057824042755217,0.009631597514455409,0.00823834192849522,0.006619693709314979,0.004996806964828454
0.01057824042755217,0.009631597514455409,0.00823834192849522,0.006619693709314979,0.004996806964828454,0.003543266711206109,0.002360324480688309,0,0,0,0,0,0.00192665229074882,0.00289224764719151,0.0040787229315221,0.007241652528621059,0.009484176143811026,0.01175346139982916,0.01379007915829814,0.01532477707924489,0.01613575220027725,0.01610028615125933,0.01715118451869007,0.01653401955044513,0.01565854154953067,0.01471170476707197,0.01380675218974904,0.01175346139982916,0.01139415540310894,0.01074697248798549,0.0114702453878624,0.01211866729044777,0.01272761894800921,0.01335603563786689,0.01397590058839514,0.01446322061085845,0.01463487995564783,0.01311163011425727,0.01270822766489901,0.01157097296366694,0.009897177656873037,0.007952605663108491,0.006002941693516339,0.004256723067683663,0.002835588874071622,0,0.002435249222508907,0.003655742070297929,0.005155422644507358,0.00682982534424901,0.008499854973448386,0.009937337239224112,0.01091402982406744,0.01126047832023017,0.01091402982406744,0.009937337239224112,0.008499854973448386,0.00682982534424901,0.005155422644507358,0.003655742070297929,0.004584349118394561,0.003226181053686119,0.004549644515292227,0.00602729971149352,0.007501095686486469,0.008769669333553833,0.009631597514455409,0.009937337239224112,0.01206684673696432,0.01242541140385176,0.01265651833099383,0.01285712505574253,0.01304949948874061,0.01316351829291023,0.01306312971995309,0.01126047832023017,0.01091402982406744,0.009937337239224112,0.008499854973448386,0.00682982534424901,0.005155422644507358,0.003655742070297929,0.002435249222508907,0.002435249222508907,0.003655742070297929,0.005155422644507358,0.00682982534424901,0.008499854973448386,0.009937337239224112,0.01091402982406744,0.01126047832023017,0.01091402982406744,0.009937337239224112,0.008499854973448386,0.00682982534424901,0.005155422644507358
0.0120289681623604,0.01072794690794413,0.009026514552826628,0.00682982534424901,0.005155422644507358,0.003655742070297929,0.002435249222508907,0,0,0,0,0,0.001548108607266416,0.002323986273217453,0.003277345947301228,0.006490877855952136,0.008629611028444515,0.01086689417136749,0.0129654411363757,0.01465947736190509,0.01570781075843601,0.01594884717053067,0.01688887582124892,0.01629736174773935,0.01532436122815629,0.01416685991977041,0.01297883829351833,0.01086689417136749,0.0101643224785683,0.009307481571304276,0.009748427070485038,0.01053598807891328,0.01135280473318601,0.01222341896399761,0.01308620665888727,0.01379170626704002,0.01414293506969269,0.01299462917120356,0.01259482646242628,0.01146771999382257,0.009808860711586039,0.007881641003931125,0.005949374758427611,0.004218738422838023,0.002810285645602858,0,0.002360324480688309,0.003543266711206109,0.004996806964828454,0.006619693709314979,0.00823834192849522,0.01015825709383365,0.01136885009627219,0.0120289681623604,0.01205529374504517,0.01146982006831807,0.01038744182438087,0.008980018190003288,0.00743205618733736,0.005903591191894418,0.006347646930436626,0.004597721443180821,0.005895230073936297,0.007060970651520339,0.008321575152135045,0.009504808583357716,0.01007656448235788,0.01064895486933404,0.01295899088987184,0.01347961162020148,0.01377315859063883,0.01392421624970799,0.01396808165942293,0.01386814972126657,0.01353140131970779,0.01170463949278746,0.01110490000693041,0.009631597514455409,0.00823834192849522,0.006619693709314979,0.004996806964828454,0.003543266711206109,0.002360324480688309,0.002360324480688309,0.003543266711206109,0.004996806964828454,0.006619693709314979,0.00823834192849522,0.009631597514455409,0.01057824042755217,0.01091402982406744,0.01057824042755217,0.009631597514455409,0.00823834192849522,0.006619693709314979,0.004996806964828454
0.01225196110936659,0.01081844319760335,0.009028951597215239,0.006619693709314979,0.004996806964828454,0.003543266711206109,0.002360324480688309,0,0,0,0,0,0.001168573684944738,0.001754236873503379,0.002473870510441145,0.005637670427989537,0.007621989642728208,0.009765317180885497,0.01185687762101649,0.01364177190325361,0.01486878142615692,0.01534675064360921,0.01616132644053427,0.01560982324835677,0.0145793385353377,0.01326992474929983,0.01186699032578182,0.009765317180885497,0.008780450622907618,0.007763754455446706,0.008034575039705458,0.008967891675333871,0.01000079999597861,0.01112282338231099,0.01223772493333596,0.01316933918502341,0.01370561092878071,0.01293500552589848,0.01253703724383597,0.01141510231152003,0.009763854422894819,0.007845477435009764,0.005922077064456507,0.004199381459276829,0.002797391128003949,0,0.002149099895885654,0.003226181053686119,0.004549644515292227,0.00602729971149352,0.007501095686486469,0.009560279002273853,0.01081844319760335,0.01161105792103853,0.01184891716409244,0.01152916822287199,0.01072727674017259,0.009570566422699628,0.008205386585590157,0.006769447764892227,0.006852334267064778,0.00497681853895519,0.006134851216027548,0.007003064836731782,0.008015989009469725,0.00903522902985057,0.009379192598633138,0.01005600639793513,0.01231206031640674,0.01290922283547757,0.01324833387100569,0.01339597923694906,0.01338751647347512,0.0132043086328279,0.01278237151376284,0.01112418292237206,0.01042220718317543,0.008769669333553833,0.007501095686486469,0.00602729971149352,0.004549644515292227,0.003226181053686119,0.002149099895885654,0.002149099895885654,0.003226181053686119,0.004549644515292227,0.00602729971149352,0.007501095686486469,0.008769669333553833,0.009631597514455409,0.009937337239224112,0.009631597514455409,0.008769669333553833,0.007501095686486469,0.00602729971149352,0.004549644515292227
0.01199192199514372,0.01044339001536826,0.008616034024779432,0.00602729971149352,0.004549644515292227,0.003226181053686119,0.002149099895885654,0.000526659579378242,0.0007906096687200192,0.001114938338292962,0.001477053317493005,0.001838222553862663,0.00297774272051362,0.003604264693149208,0.004189486096012285,0.00711955997641467,0.008697089613375094,0.01037502527359196,0.01202059815209123,0.01344639891321008,0.01444166639829335,0.01482206947866762,0.01498136879204964,0.01448195630974579,0.01344581098623087,0.01206778145912674,0.01055071581606849,0.008536802719729302,0.007369461560647148,0.006266854823977641,0.006517921821870877,0.007590986362010842,0.008828744029608163,0.01018856620089208,0.01154186473262808,0.01268683648680612,0.0133962057648251,0.01296650021187843,0.01256756294019714,0.01144289627434522,0.009787627859124697,0.007864579927674628,0.005936496382416652,0.004209606286788898,0.002804202331521659,0,0.001838222553862663,0.002759498889318159,0.00389151717706505,0.005155422644507358,0.006416027145122064,0.008616034024779432,0.009912062610309642,0.01086017945413669,0.01136526382616572,0.01139261286355152,0.01096567166041429,0.01015222960933581,0.009046939821572408,0.007756305854146613,0.007502805407447852,0.005565237858879472,0.006602184716651769,0.007160967060173228,0.007925562339567782,0.008791504751255686,0.008888324141893503,0.009705067159799585,0.01183183648351957,0.01246456604911774,0.01277984131895855,0.01283198905747008,0.01266786880287542,0.01230173826597139,0.01171360474747649,0.01017357565526281,0.009353280266788182,0.007501095686486469,0.006416027145122064,0.005155422644507358,0.00389151717706505,0.002759498889318159,0.001838222553862663,0.001838222553862663,0.002759498889318159,0.00389151717706505,0.005155422644507358,0.006416027145122064,0.007501095686486469,0.00823834192849522,0.008499854973448386,0.00823834192849522,0.007501095686486469,0.006416027145122064,0.005155422644507358,0.00389151717706505
0.01136526382616572,0.009718415336123502,0.007893080462615068,0.005155422644507358,0.00389151717706505,0.002759498889318159,0.001838222553862663,0.0007906096687200192,0.001186845683147944,0.001673720681814422,0.002217319649637031,0.002759498889318159,0.003226181053686119,0.003543266711206109,0.003655742070297929,0.005903591191894418,0.006769447764892227,0.007756305854146613,0.00883701335895201,0.009912062610309642,0.01081844319760335,0.01136885009627219,0.01091402982406744,0.01057824042755217,0.009631597514455409,0.00823834192849522,0.006619693709314979,0.004996806964828454,0.003543266711206109,0.002360324480688309,0.002813007440599569,0.004222824321063237,0.005955136798480865,0.007889274466772863,0.009818360709584466,0.0114788266167211,0.01260702470131474,0.01300721462375983,0.01260702470131474,0.0114788266167211,0.009818360709584466,0.007889274466772863,0.005955136798480865,0.004222824321063237,0.002813007440599569,0,0.001477053317493005,0.002217319649637031,0.003126921897670497,0.004142498471769416,0.005155422644507358,0.007504353028986525,0.00883701335895201,0.009956747241919507,0.01076219218108439,0.01118272235600088,0.01118272235600088,0.01076219218108439,0.009956747241919507,0.00883701335895201,0.008294962697706545,0.006342268327655302,0.007293272471076842,0.007561561196944559,0.008103740436625687,0.008845732842948539,0.008698689355713466,0.009683041781791449,0.01164001373801409,0.01227332604757216,0.01250611449630363,0.01238711783289997,0.01198456597082914,0.01135664386641088,0.0105372252757055,0.009047144993886041,0.008096747026807984,0.00602729971149352,0.005155422644507358,0.004142498471769416,0.003126921897670497,0.002217319649637031,0.001477053317493005,0.001477053317493005,0.002217319649637031,0.003126921897670497,0.004142498471769416,0.005155422644507358,0.00602729971149352,0.006619693709314979,0.00682982534424901,0.006619693709314979,0.00602729971149352,0.005155422644507358,0.004142498471769416,0.003126921897670497
0.01051121088638003,0.008786798600811678,0.006993645198370021,0.004142498471769416,0.003126921897670497,0.002217319649637031,0.001477053317493005,0.001114938338292962,0.001673720681814422,0.002360324480688309,0.003126921897670497,0.00389151717706505,0.004549644515292227,0.004996806964828454,0.005155422644507358,0.007145906860714108,0.007775825568978345,0.008441161692357277,0.009154221609164017,0.009861420167174778,0.01044339001536826,0.01074653585274837,0.01046399681860235,0.01042220718317543,0.009884607671846795,0.008978149003979474,0.007865522265356183,0.006698744411177881,0.005586505534374429,0.004584349118394561,0.004720648961376619,0.005692366607091763,0.006835029518691116,0.008096747026807984,0.009353280266788182,0.01042220718317543,0.01110490000693041,0.01091402982406744,0.01057824042755217,0.009631597514455409,0.00823834192849522,0.006619693709314979,0.004996806964828454,0.003543266711206109,0.002360324480688309,0,0.001114938338292962,0.001673720681814422,0.002360324480688309,0.003126921897670497,0.00389151717706505,0.006387867069154889,0.007756305854146613,0.009046939821572408,0.01015222960933581,0.01096567166041429,0.01139261286355152,0.01136526382616572,0.01086017945413669,0.009912062610309642,0.009142693604157674,0.007206636813842083,0.008108583536662984,0.008128069383876214,0.008489238620245872,0.009142745094255675,0.008776351625810374,0.009936344908995375,0.01171360474747649,0.01232267555114846,0.01243688896304619,0.01210507090164997,0.01142248266048008,0.0104956768285196,0.009414983721271745,0.007914921533825517,0.006835029518691116,0.004549644515292227,0.00389151717706505,0.003653581477048739,0.003150934149408329,0.002788659020107384,0.002591991655785967,0.002953160892155625,0.003822820577700076,0.004720648961376619,0.005562171120179404,0.00625184165775336,0.006698744411177881,0.006835029518691116,0.006632475962000363,0.006111745303121416,0.005340254184012246,0.004418176756443292,0.003126921897670497,0.002360324480688309
0.00954645148012068,0.007775825568978345,0.006040617072950704,0.003126921897670497,0.002360324480688309,0.001673720681814422,0.001114938338292962,0.001477053317493005,0.002217319649637031,0.003126921897670497,0.004142498471769416,0.005155422644507358,0.00602729971149352,0.006619693709314979,0.00682982534424901,0.00845791626317764,0.008786798600811678,0.009046939821572408,0.009297921116276774,0.009542949042792561,0.009718415336123502,0.009715395245988225,0.009290464642168405,0.009425187611643165,0.009174816368300892,0.008633346794759095,0.007914921533825517,0.007117698230751169,0.006302765600524268,0.005493964624160592,0.005978515933715015,0.006881923123984049,0.007914921533825517,0.009047144993886041,0.01017357565526281,0.01112418292237206,0.01170463949278746,0.01126047832023017,0.01091402982406744,0.009937337239224112,0.008499854973448386,0.00682982534424901,0.005155422644507358,0.003655742070297929,0.002435249222508907,0,0.0007906096687200192,0.001186845683147944,0.001673720681814422,0.002217319649637031,0.002759498889318159,0.005375280949571773,0.006769447764892227,0.008205386585590157,0.009570566422699628,0.01072727674017259,0.01152916822287199,0.01184891716409244,0.01161105792103853,0.01081844319760335,0.009560279002273853,0.007501095686486469,0.008176399607379174,0.007775825568978345,0.007775825568978345,0.008176399607379174,0.007501095686486469,0.008769669333553833,0.01042220718317543,0.01112418292237206,0.01130531819626983,0.01098698898319087,0.01026059457580463,0.00925348076517964,0.008092911226498335,0.006881923123984049,0.005692366607091763,0.003226181053686119,0.002759498889318159,0.003007929318357051,0.002860566364962366,0.002860566364962366,0.003007929318357051,0.003550108558038178,0.004413026736834063,0.00521698739302053,0.005873061719934961,0.006302765600524268,0.006452362107372238,0.006302765600524268,0.005873061719934961,0.00521698739302053,0.004413026736834063,0.003550108558038178,0.002217319649637031,0.001673720681814422
0.008540073676034562,0.006769447764892227,0.005119823370006468,0.002217319649637031,0.001673720681814422,0.001186845683147944,0.0007906096687200192,0.001838222553862663,0.002759498889318159,0.00389151717706505,0.005155422644507358,0.006416027145122064,0.007501095686486469,0.00823834192849522,0.008499854973448386,0.009715395245988225,0.009718415336123502,0.009542949042792561,0.009297921116276774,0.009046939821572408,0.008786798600811678,0.00845791626317764,0.007944763682541971,0.0082934143911294,0.008387624192181829,0.008282344542177855,0.008034015648834466,0.007676566412962724,0.007214126614465485,0.006632475962000363,0.007357131445516763,0.008092911226498335,0.008888324141893503,0.009746615606985476,0.01059866640918353,0.01130531819626983,0.01169317876584513,0.01091402982406744,0.01057824042755217,0.009631597514455409,0.00823834192849522,0.006619693709314979,0.004996806964828454,0.003543266711206109,0.002360324480688309,0,0.000526659579378242,0.0007906096687200192,0.001114938338292962,0.001477053317493005,0.001838222553862663,0.004509424376573964,0.005903591191894418,0.00743205618733736,0.008980018190003288,0.01038744182438087,0.01146982006831807,0.01205529374504517,0.0120289681623604,0.01136885009627219,0.01015825709383365,0.00823834192849522,0.008980018190003288,0.008540073676034562,0.008540073676034562,0.008980018190003288,0.00823834192849522,0.009631597514455409,0.01110490000693041,0.01170463949278746,0.01169317876584513,0.01110865083194841,0.01007656448235788,0.008768793605200633,0.007357131445516763,0.005978515933715015,0.004720648961376619,0.002149099895885654,0.001838222553862663,0.002591991655785967,0.002788659020107384,0.003150934149408329,0.003653581477048739,0.004418176756443292,0.005340254184012246,0.006111745303121416,0.006632475962000363,0.006835029518691116,0.006698744411177881,0.00625184165775336,0.005562171120179404,0.004720648961376619,0.003822820577700076,0.002953160892155625,0.001477053317493005,0.001114938338292962
0.007515747125195668,0.005804841966183583,0.00427347177637157,0.001477053317493005,0.001114938338292962,0.0007906096687200192,0.000526659579378242,0.002149099895885654,0.003226181053686119,0.004549644515292227,0.00602729971149352,0.007501095686486469,0.008769669333553833,0.009631597514455409,0.009937337239224112,0.01074653585274837,0.01044339001536826,0.009861420167174778,0.009154221609164017,0.008441161692357277,0.007775825568978345,0.007145906860714108,0.006632475962000363,0.007214126614465485,0.007676566412962724,0.008034015648834466,0.008282344542177855,0.008387624192181829,0.0082934143911294,0.007944763682541971,0.008768793605200633,0.00925348076517964,0.009705067159799585,0.01016979818326294,0.01062801758415697,0.01098698898319087,0.01110865083194841,0.009937337239224112,0.009631597514455409,0.008769669333553833,0.007501095686486469,0.00602729971149352,0.004549644515292227,0.003226181053686119,0.002149099895885654,0,0,0,0,0,0,0.002435249222508907,0.003655742070297929,0.005155422644507358,0.00682982534424901,0.008499854973448386,0.009937337239224112,0.01091402982406744,0.01126047832023017,0.01091402982406744,0.009937337239224112,0.008499854973448386,0.009265074566757917,0.008811164714805288,0.008811164714805288,0.009265074566757917,0.008499854973448386,0.009937337239224112,0.01091402982406744,0.01126047832023017,0.01091402982406744,0.009937337239224112,0.008499854973448386,0.00682982534424901,0.005155422644507358,0.003655742070297929,0.002435249222508907,0,0,0.001477053317493005,0.002217319649637031,0.003126921897670497,0.004142498471769416,0.005155422644507358,0.00602729971149352,0.006619693709314979,0.00682982534424901,0.006619693709314979,0.00602729971149352,0.005155422644507358,0.004142498471769416,0.003126921897670497,0.002217319649637031,0.001477053317493005,0,0
0.005787416633548472,0.004069926290584351,0.002360324480688309,0,0,0,0,0.002360324480688309,0.003543266711206109,0.004996806964828454,0.006619693709314979,0.00823834192849522,0.009631597514455409,0.01057824042755217,0.01091402982406744,0.01136885009627219,0.01081844319760335,0.009912062610309642,0.00883701335895201,0.007756305854146613,0.006769447764892227,0.005903591191894418,0.005493964624160592,0.006302765600524268,0.007117698230751169,0.007914921533825517,0.008633346794759095,0.009174816368300892,0.009425187611643165,0.009290464642168405,0.01007656448235788,0.01026059457580463,0.01030754432218711,0.01031084528901472,0.01030754432218711,0.01026059457580463,0.01007656448235788,0.008499854973448386,0.00823834192849522,0.007501095686486469,0.006416027145122064,0.005155422644507358,0.00389151717706505,0.002759498889318159,0.001838222553862663,0,0,0,0,0,0,0.002360324480688309,0.003543266711206109,0.004996806964828454,0.006619693709314979,0.00823834192849522,0.009631597514455409,0.01057824042755217,0.01091402982406744,0.01057824042755217,0.009631597514455409,0.00823834192849522,0.008980018190003288,0.008540073676034562,0.008540073676034562,0.008980018190003288,0.00823834192849522,0.009631597514455409,0.01057824042755217,0.01091402982406744,0.01057824042755217,0.009631597514455409,0.00823834192849522,0.006619693709314979,0.004996806964828454,0.003543266711206109,0.002360324480688309,0,0,0.001838222553862663,0.002759498889318159,0.00389151717706505,0.005155422644507358,0.006416027145122064,0.007501095686486469,0.00823834192849522,0.008499854973448386,0.00823834192849522,0.007501095686486469,0.006416027145122064,0.005155422644507358,0.00389151717706505,0.002759498889318159,0.001838222553862663,0,0
0.005736490198440171,0.004016790722406138,0.002149099895885654,0,0,0,0,0.002435249222508907,0.003655742070297929,0.005155422644507358,0.00682982534424901,0.008499854973448386,0.009937337239224112,0.01091402982406744,0.01126047832023017,0.01144068940344568,0.01072794690794413,0.009614793311741348,0.008306878661742016,0.006993645198370021,0.005804841966183583,0.004795573703197217,0.004584349118394561,0.005586505534374429,0.006698744411177881,0.007865522265356183,0.008978149003979474,0.009884607671846795,0.01042220718317543,0.01046399681860235,0.01110865083194841,0.01098698898319087,0.01062801758415697,0.01016979818326294,0.009705067159799585,0.00925348076517964,0.008768793605200633,0.00682982534424901,0.006619693709314979,0.00602729971149352,0.005155422644507358,0.004142498471769416,0.003126921897670497,0.002217319649637031,0.001477053317493005,0,0,0,0,0,0,0.002149099895885654,0.003226181053686119,0.004549644515292227,0.00602729971149352,0.007501095686486469,0.008769669333553833,0.009631597514455409,0.009937337239224112,0.01015825709383365,0.009560279002273853,0.008616034024779432,0.009653452924872179,0.009614048122841008,0.009924925464863999,0.01053672408806748,0.009936344908995375,0.01112999381424214,0.01178069741034106,0.01177555979308677,0.01110865083194841,0.009884607671846795,0.008291705355206489,0.006553959290871762,0.004549644515292227,0.003226181053686119,0.002149099895885654,0,0,0.002149099895885654,0.003226181053686119,0.004549644515292227,0.00602729971149352,0.007501095686486469,0.008769669333553833,0.009631597514455409,0.009937337239224112,0.009631597514455409,0.008769669333553833,0.007501095686486469,0.00602729971149352,0.004549644515292227,0.003226181053686119,0.002149099895885654,0,0
0.005565237858879472,0.003874437227611121,0.001838222553862663,0,0,0,0,0.002360324480688309,0.003543266711206109,0.004996806964828454,0.006619693709314979,0.00823834192849522,0.009631597514455409,0.01057824042755217,0.01091402982406744,0.01057824042755217,0.009631597514455409,0.00823834192849522,0.006619693709314979,0.004996806964828454,0.003543266711206109,0.002360324480688309,0.002360324480688309,0.003543266711206109,0.004996806964828454,0.006619693709314979,0.00823834192849522,0.009631597514455409,0.01057824042755217,0.01091402982406744,0.01169317876584513,0.01130531819626983,0.01059866640918353,0.009746615606985476,0.008888324141893503,0.008092911226498335,0.007357131445516763,0.005155422644507358,0.004996806964828454,0.004549644515292227,0.00389151717706505,0.003126921897670497,0.002360324480688309,0.001673720681814422,0.001114938338292962,0,0,0,0,0,0,0.001838222553862663,0.002759498889318159,0.00389151717706505,0.005155422644507358,0.006416027145122064,0.007501095686486469,0.00823834192849522,0.008499854973448386,0.009028951597215239,0.008687941369634414,0.008089747826936486,0.009210964848007052,0.009410514955701367,0.009877197120069327,0.01053691190957613,0.01007176921541999,0.01104436239769258,0.01146452298218134,0.01125935386276654,0.01045566157813225,0.009174816368300892,0.007602872828270008,0.005946032313227377,0.00389151717706505,0.002759498889318159,0.001838222553862663,0,0,0.002360324480688309,0.003543266711206109,0.004996806964828454,0.006619693709314979,0.00823834192849522,0.009631597514455409,0.01057824042755217,0.01091402982406744,0.01057824042755217,0.009631597514455409,0.00823834192849522,0.006619693709314979,0.004996806964828454,0.003543266711206109,0.002360324480688309,0,0
0.005344241547307529,0.003694372967130036,0.001477053317493005,0,0,0,0,0.002149099895885654,0.003226181053686119,0.004549644515292227,0.00602729971149352,0.007501095686486469,0.008769669333553833,0.009631597514455409,0.009937337239224112,0.009631597514455409,0.008769669333553833,0.007501095686486469,0.00602729971149352,0.004549644515292227,0.003226181053686119,0.002149099895885654,0.002435249222508907,0.003655742070297929,0.005155422644507358,0.00682982534424901,0.008499854973448386,0.009937337239224112,0.01091402982406744,0.01126047832023017,0.01170463949278746,0.01112418292237206,0.01017357565526281,0.009047144993886041,0.007914921533825517,0.006881923123984049,0.005978515933715015,0.003655742070297929,0.003543266711206109,0.003226181053686119,0.002759498889318159,0.002217319649637031,0.001673720681814422,0.001186845683147944,0.0007906096687200192,0,0,0,0,0,0,0.001477053317493005,0.002217319649637031,0.003126921897670497,0.004142498471769416,0.005155422644507358,0.00602729971149352,0.006619693709314979,0.00682982534424901,0.007734632047607941,0.007701020393307942,0.007515747125195668,0.008746473686932918,0.009235758724372578,0.009893886062599756,0.01061635875409087,0.01031084528901472,0.01102410667632197,0.01116933822460721,0.01072134252131406,0.009746615606985476,0.008387624192181829,0.00682914332632178,0.005257436810062378,0.003126921897670497,0.002217319649637031,0.001477053317493005,0,0,0.002435249222508907,0.003655742070297929,0.005155422644507358,0.00682982534424901,0.008499854973448386,0.009937337239224112,0.01091402982406744,0.01126047832023017,0.01091402982406744,0.009937337239224112,0.008499854973448386,0.00682982534424901,0.005155422644507358,0.003655742070297929,0.002435249222508907,0,0
