0.004142498471769416,0.003126921897670497,0.002217319649637031,0.001477053317493005,0,0,0,0,0,0,0,0,0,0,0,0,0,0,0,0,0,0,0,0,0,0,0,0,0,0,0,0,0,0,0,0,0,0,0,0,0,0,0,0,0,0,0,0,0,0,0,0,0,0,0,0,0,0,0,0,0,0,0,0,0,0,0,0,0,0,0,0,0.002360324480688309,0.003543266711206109,0.004996806964828454,0.006619693709314979,0.00823834192849522,0.009631597514455409,0.01057824042755217,0.01091402982406744,0.01057824042755217,0.009631597514455409,0.00823834192849522,0.006619693709314979,0.004996806964828454,0.003543266711206109,0.002360324480688309,0.002666428870571256,0.004002783825780971,0.005644829963295865,0.007478184700990384,0.009306751229971317,0.01088069453687019,0.01195010512607307,0.01232944218274712,0.01195010512607307,0.01088069453687019,0.009306751229971317,0.007478184700990384,0.005644829963295865,0.004002783825780971,0.002666428870571256,0.002466715776931983,0.003702978963240348,0.005222037340743754,0.00691807547853034,0.008609684040074559,0.01006574042694235,0.01105505313710653,0.01140597819376194,0.01105505313710653,0.01006574042694235,0.008609684040074559,0.00691807547853034,0.005222037340743754,0.003702978963240348,0.002466715776931983,0,0,0,0,0,0,0,0,0,0,0.002552399590154092,0.003831605601468734,0.005403429974758396,0.007158381675418621,0.008908749934122823,0.01041538388029435,0.01143906134632895,0.0118021761320527,0.01143906134632895,0.01041538388029435,0.008908749934122823,0.009710781265572713,0.009235035576227131,0.009235035576227131,0.009710781265572713,0.008908749934122823,0.01041538388029435,0.01143906134632895,0.0118021761320527,0.01143906134632895,0.01041538388029435,0.008908749934122823,0.007158381675418621,0.005403429974758396,0.003831605601468734,0.002552399590154092,0,0,0.002618202969392012,0.003930388173545688,0.005542735729698243,0.007342931816366148,0.009138426295423087,0.01068390275093958,0.01173397163185085,0.0121064478749436,0.01173397163185085,0.01068390275093958,0.009138426295423087,0.007342931816366148,0.005542735729698243,0.003930388173545688,0.002618202969392012,0.002466715776931983,0.003702978963240348,0.005222037340743754,0.00691807547853034,0.008609684040074559,0.01006574042694235,0.01105505313710653,0.01140597819376194,0.01367325610649855,0.01399612860048804,0.0141524197697728,0.01426100729489649,0.01436046363616684,0.01438688171417993,0.01420068740878283,0.0121064478749436,0.01173397163185085,0.01068390275093958,0.009138426295423087,0.007342931816366148,0.005542735729698243,0.003930388173545688,0.002618202969392012,0,0,0,0,0,0,0,0,0,0,0,0.002618202969392012,0.003930388173545688,0.005542735729698243,0.007342931816366148,0.009138426295423087,0.01068390275093958,0.01173397163185085,0.0121064478749436,0.01173397163185085,0.01068390275093958,0.009138426295423087,0.007342931816366148,0.005542735729698243,0.003930388173545688,0.002618202969392012,0,0,0,0,0,0,0,0,0,0,0,0,0,0,0,0,0,0,0,0,0,0.002149099895885654,0.003226181053686119,0.004549644515292227,0.00602729971149352,0.007501095686486469,0.008769669333553833,0.009631597514455409,0.009937337239224112,0.009631597514455409,0.008769669333553833,0.01016752455705773,0.01003008353727449,0.01019447447858809,0.0107043657546765,0.01145585112585697,0.01088069453687019
0.005155422644507358,0.00389151717706505,0.002759498889318159,0.001838222553862663,0,0,0,0,0,0,0,0,0,0,0,0,0,0,0,0,0,0,0,0,0,0,0,0,0,0,0,0,0,0,0,0,0,0,0,0,0,0,0,0,0,0,0,0,0,0,0,0,0,0,0,0,0,0,0,0,0,0,0,0,0,0,0,0,0,0,0,0,0.002435249222508907,0.003655742070297929,0.005155422644507358,0.00682982534424901,0.008499854973448386,0.009937337239224112,0.01091402982406744,0.01126047832023017,0.01091402982406744,0.009937337239224112,0.008499854973448386,0.00682982534424901,0.005155422644507358,0.003655742070297929,0.002435249222508907,0.002427811114537991,0.003644576147737987,0.005139676169809363,0.006808964654565397,0.008473893425675262,0.00990698511483144,0.01088069453687019,0.01122608485742732,0.01088069453687019,0.00990698511483144,0.008473893425675262,0.006808964654565397,0.005139676169809363,0.003644576147737987,0.002427811114537991,0.002466715776931983,0.003702978963240348,0.005222037340743754,0.00691807547853034,0.008609684040074559,0.01006574042694235,0.01105505313710653,0.01140597819376194,0.01105505313710653,0.01006574042694235,0.008609684040074559,0.00691807547853034,0.005222037340743754,0.003702978963240348,0.002466715776931983,0,0,0,0,0,0,0,0,0,0,0.002473870510441145,0.003713719490349219,0.00523718391170151,0.006938141424882182,0.008634656513790782,0.01009493620661047,0.01108711842807573,0.01143906134632895,0.01108711842807573,0.01009493620661047,0.008634656513790782,0.009412011935323327,0.008950903402050729,0.008950903402050729,0.009412011935323327,0.008634656513790782,0.01009493620661047,0.01108711842807573,0.01143906134632895,0.01108711842807573,0.01009493620661047,0.008634656513790782,0.006938141424882182,0.00523718391170151,0.003713719490349219,0.002473870510441145,0,0,0.002459574070543887,0.003692257992156418,0.005206918348201512,0.006898046067643043,0.008584757035478608,0.01003659780606147,0.01102304622964344,0.01137295527799246,0.01102304622964344,0.01003659780606147,0.008584757035478608,0.006898046067643043,0.005206918348201512,0.003692257992156418,0.002459574070543887,0.002466715776931983,0.003702978963240348,0.005222037340743754,0.00691807547853034,0.008609684040074559,0.01006574042694235,0.01105505313710653,0.01140597819376194,0.01351462720765042,0.01375799841909877,0.01381660238827607,0.01381612154617338,0.01380679437622236,0.01373957676930182,0.01348976200657542,0.01137295527799246,0.01102304622964344,0.01003659780606147,0.008584757035478608,0.006898046067643043,0.005206918348201512,0.003692257992156418,0.002459574070543887,0,0,0,0,0,0,0,0,0,0,0,0.002459574070543887,0.003692257992156418,0.005206918348201512,0.006898046067643043,0.008584757035478608,0.01003659780606147,0.01102304622964344,0.01137295527799246,0.01102304622964344,0.01003659780606147,0.008584757035478608,0.006898046067643043,0.005206918348201512,0.003692257992156418,0.002459574070543887,0,0,0,0,0,0,0,0,0,0,0,0,0,0,0,0,0,0,0,0,0,0.002360324480688309,0.003543266711206109,0.004996806964828454,0.006619693709314979,0.00823834192849522,0.009631597514455409,0.01057824042755217,0.01091402982406744,0.01057824042755217,0.009631597514455409,0.01066615304303321,0.01026426985705297,0.01013648313463782,0.01035223136577151,0.01083421790636357,0.00990698511483144
0.00602729971149352,0.004549644515292227,0.003226181053686119,0.002149099895885654,0,0,0,0,0,0,0,0,0,0,0,0,0,0,0,0,0,0,0,0,0,0,0,0,0,0,0,0,0,0,0,0,0,0,0,0,0,0,0,0,0,0,0,0,0,0,0,0,0,0,0,0,0,0,0,0,0,0,0,0,0,0,0,0,0,0,0,0,0.002360324480688309,0.003543266711206109,0.004996806964828454,0.006619693709314979,0.00823834192849522,0.009631597514455409,0.01057824042755217,0.01091402982406744,0.01057824042755217,0.009631597514455409,0.00823834192849522,0.006619693709314979,0.004996806964828454,0.003543266711206109,0.002360324480688309,0.002076616892405096,0.003117371177983774,0.00439619799571975,0.005824016101083911,0.007248105145752422,0.008473893425675262,0.009306751229971317,0.009602179226757072,0.009306751229971317,0.008473893425675262,0.007248105145752422,0.005824016101083911,0.00439619799571975,0.003117371177983774,0.002076616892405096,0.002317265023097996,0.003478626809391484,0.004905650092394428,0.00649893047406099,0.008088049653942744,0.009455888043959339,0.01038526132709497,0.01071492490938562,0.01038526132709497,0.009455888043959339,0.008088049653942744,0.00649893047406099,0.004905650092394428,0.003478626809391484,0.002317265023097996,0,0,0,0,0,0,0,0,0,0,0.002252484732469176,0.003381380075221943,0.004768510216057042,0.006317249656075261,0.00786194422276411,0.009191544013589289,0.01009493620661047,0.01041538388029435,0.01009493620661047,0.009191544013589289,0.00786194422276411,0.008569734388544437,0.008149890291278985,0.008149890291278985,0.008569734388544437,0.00786194422276411,0.009191544013589289,0.01009493620661047,0.01041538388029435,0.01009493620661047,0.009191544013589289,0.00786194422276411,0.006317249656075261,0.004768510216057042,0.003381380075221943,0.002252484732469176,0,0,0.002170566498932365,0.003258406241621257,0.004595089314298732,0.006087504288580833,0.007576021493251185,0.008857266476336594,0.009727804154707139,0.01003659780606147,0.009727804154707139,0.008857266476336594,0.007576021493251185,0.006087504288580833,0.004595089314298732,0.003258406241621257,0.002170566498932365,0.002317265023097996,0.003478626809391484,0.004905650092394428,0.00649893047406099,0.008088049653942744,0.009455888043959339,0.01038526132709497,0.01071492490938562,0.01255582782602734,0.01271429428558059,0.01268313896824148,0.01258643476264182,0.01248167158564561,0.01233589328572808,0.01204506917780514,0.01003659780606147,0.009727804154707139,0.008857266476336594,0.007576021493251185,0.006087504288580833,0.004595089314298732,0.003258406241621257,0.002170566498932365,0,0,0,0,0,0,0,0,0,0,0,0.002170566498932365,0.003258406241621257,0.004595089314298732,0.006087504288580833,0.007576021493251185,0.008857266476336594,0.009727804154707139,0.01003659780606147,0.009727804154707139,0.008857266476336594,0.007576021493251185,0.006087504288580833,0.004595089314298732,0.003258406241621257,0.002170566498932365,0,0,0,0,0,0,0,0,0,0,0,0,0,0,0,0,0,0,0,0,0,0.002435249222508907,0.003655742070297929,0.005155422644507358,0.00682982534424901,0.008499854973448386,0.009937337239224112,0.01091402982406744,0.01126047832023017,0.01091402982406744,0.009937337239224112,0.01057647186585348,0.009947196522232783,0.009551620640227108,0.009479758171381841,0.009683354368261329,0.008473893425675262
0.006619693709314979,0.004996806964828454,0.003543266711206109,0.002360324480688309,0,0,0,0,0,0,0,0,0,0,0,0,0,0,0,0,0,0,0,0,0,0,0,0,0,0,0,0,0,0,0,0,0,0,0,0,0,0,0,0,0,0,0,0,0,0,0,0,0,0,0,0,0,0,0,0,0,0,0,0,0,0,0,0,0,0,0,0,0.002149099895885654,0.003226181053686119,0.004549644515292227,0.00602729971149352,0.007501095686486469,0.008769669333553833,0.009631597514455409,0.009937337239224112,0.009631597514455409,0.008769669333553833,0.007501095686486469,0.00602729971149352,0.004549644515292227,0.003226181053686119,0.002149099895885654,0.001668608549951522,0.002504878112077621,0.003532444327967423,0.004679728406749473,0.005824016101083911,0.006808964654565397,0.007478184700990384,0.007715567765307477,0.007478184700990384,0.006808964654565397,0.005824016101083911,0.004679728406749473,0.003532444327967423,0.002504878112077621,0.001668608549951522,0.002044979205351603,0.003069877384535718,0.004329221011701917,0.00573528601347146,0.007137678767554879,0.008344791909980824,0.009164960953692899,0.009455888043959339,0.009164960953692899,0.008344791909980824,0.007137678767554879,0.00573528601347146,0.004329221011701917,0.003069877384535718,0.002044979205351603,0,0,0,0,0,0,0,0,0,0,0.00192665229074882,0.00289224764719151,0.0040787229315221,0.005403429974758396,0.006724677254492867,0.00786194422276411,0.008634656513790782,0.008908749934122823,0.008634656513790782,0.00786194422276411,0.006724677254492867,0.007330082265507216,0.00697097057871361,0.00697097057871361,0.007330082265507216,0.006724677254492867,0.00786194422276411,0.008634656513790782,0.008908749934122823,0.008634656513790782,0.00786194422276411,0.006724677254492867,0.005403429974758396,0.0040787229315221,0.00289224764719151,0.00192665229074882,0,0,0.001799462830561817,0.002701313653164783,0.003809462842193258,0.005046718312281573,0.006280742417865789,0.007342931816366148,0.008064632900208493,0.008320631828690483,0.008064632900208493,0.007342931816366148,0.006280742417865789,0.005046718312281573,0.003809462842193258,0.002701313653164783,0.001799462830561817,0.002044979205351603,0.003069877384535718,0.004329221011701917,0.00573528601347146,0.007137678767554879,0.008344791909980824,0.009164960953692899,0.009455888043959339,0.01096442378425472,0.01104610556314561,0.01094714160974814,0.01078200432575303,0.01060996342956771,0.01041280920090187,0.0101096121055601,0.008320631828690483,0.008064632900208493,0.007342931816366148,0.006280742417865789,0.005046718312281573,0.003809462842193258,0.002701313653164783,0.001799462830561817,0,0,0,0,0,0,0,0,0,0,0,0.001799462830561817,0.002701313653164783,0.003809462842193258,0.005046718312281573,0.006280742417865789,0.007342931816366148,0.008064632900208493,0.008320631828690483,0.008064632900208493,0.007342931816366148,0.006280742417865789,0.005046718312281573,0.003809462842193258,0.002701313653164783,0.001799462830561817,0,0,0,0,0,0,0,0,0,0,0,0,0,0,0,0,0,0,0,0,0,0.002360324480688309,0.003543266711206109,0.004996806964828454,0.006619693709314979,0.00823834192849522,0.009631597514455409,0.01057824042755217,0.01091402982406744,0.01057824042755217,0.009631597514455409,0.009906950478446742,0.009124571821392599,0.008529251292795876,0.008222995117955581,0.008184340581772221,0.006808964654565397
0.00682982534424901,0.005155422644507358,0.003655742070297929,0.002435249222508907,0,0,0,0,0,0,0,0,0,0,0,0,0,0,0,0,0,0,0,0,0,0,0,0,0,0,0,0,0,0,0,0,0,0,0,0,0,0,0,0,0,0,0,0,0,0,0,0,0,0,0,0,0,0,0,0,0,0,0,0,0,0,0,0,0,0,0,0,0.001838222553862663,0.002759498889318159,0.00389151717706505,0.005155422644507358,0.006416027145122064,0.007501095686486469,0.00823834192849522,0.008499854973448386,0.00823834192849522,0.007501095686486469,0.006416027145122064,0.005155422644507358,0.00389151717706505,0.002759498889318159,0.001838222553862663,0.001259531813720862,0.001890781197151647,0.002666428870571256,0.003532444327967423,0.00439619799571975,0.005139676169809363,0.005644829963295865,0.005824016101083911,0.005644829963295865,0.005139676169809363,0.00439619799571975,0.003532444327967423,0.002666428870571256,0.001890781197151647,0.001259531813720862,0.001695347307309895,0.002545017741023601,0.003589050277739301,0.004754719106260628,0.005917343534520988,0.00691807547853034,0.007598019497597825,0.0078392065266962,0.007598019497597825,0.00691807547853034,0.005917343534520988,0.004754719106260628,0.003589050277739301,0.002545017741023601,0.001695347307309895,0,0,0,0,0,0,0,0,0,0,0.001548108607266416,0.002323986273217453,0.003277345947301228,0.004341777960066483,0.005403429974758396,0.006317249656075261,0.006938141424882182,0.007158381675418621,0.006938141424882182,0.006317249656075261,0.005403429974758396,0.005889886567332899,0.00560133222051868,0.00560133222051868,0.005889886567332899,0.005403429974758396,0.006317249656075261,0.006938141424882182,0.007158381675418621,0.006938141424882182,0.006317249656075261,0.005403429974758396,0.004341777960066483,0.003277345947301228,0.002323986273217453,0.001548108607266416,0,0,0.00140142306154943,0.00210378518840621,0.002966812644581529,0.003930388173545688,0.004891447113303666,0.00571868104862589,0.006280742417865789,0.006480114583833003,0.006280742417865789,0.00571868104862589,0.004891447113303666,0.003930388173545688,0.002966812644581529,0.00210378518840621,0.00140142306154943,0.001695347307309895,0.002545017741023601,0.003589050277739301,0.004754719106260628,0.005917343534520988,0.00691807547853034,0.007598019497597825,0.0078392065266962,0.008999442559147254,0.009021860666936551,0.008884156179102518,0.008685107279806316,0.008480497391042967,0.00826369878964949,0.007976089725175686,0.006480114583833003,0.006280742417865789,0.00571868104862589,0.004891447113303666,0.003930388173545688,0.002966812644581529,0.00210378518840621,0.00140142306154943,0,0,0,0,0,0,0,0,0,0,0,0.00140142306154943,0.00210378518840621,0.002966812644581529,0.003930388173545688,0.004891447113303666,0.00571868104862589,0.006280742417865789,0.006480114583833003,0.006280742417865789,0.00571868104862589,0.004891447113303666,0.003930388173545688,0.002966812644581529,0.00210378518840621,0.00140142306154943,0,0,0,0,0,0,0,0,0,0,0,0,0,0,0,0,0,0,0,0,0,0.002149099895885654,0.003226181053686119,0.004549644515292227,0.00602729971149352,0.007501095686486469,0.008769669333553833,0.009631597514455409,0.009937337239224112,0.009631597514455409,0.008769669333553833,0.00876062750020733,0.007918080908645167,0.007216073385863483,0.006758625381653542,0.006545297891605404,0.005139676169809363
0.006619693709314979,0.004996806964828454,0.003543266711206109,0.002360324480688309,0,0,0,0,0,0,0,0,0,0,0,0,0,0,0,0.000526659579378242,0.0007906096687200192,0.001114938338292962,0.001477053317493005,0.001838222553862663,0.002149099895885654,0.002360324480688309,0.002435249222508907,0.002360324480688309,0.002149099895885654,0.001838222553862663,0.001477053317493005,0.001114938338292962,0.0007906096687200192,0.000526659579378242,0,0,0,0,0,0,0,0,0,0,0,0,0,0,0,0,0,0,0,0,0,0,0,0,0,0,0,0,0,0,0,0,0,0,0,0,0,0,0.001477053317493005,0.002217319649637031,0.003126921897670497,0.004142498471769416,0.005155422644507358,0.00602729971149352,0.006619693709314979,0.00682982534424901,0.006619693709314979,0.00602729971149352,0.005155422644507358,0.004142498471769416,0.003126921897670497,0.002217319649637031,0.001477053317493005,0,0,0,0,0,0,0,0,0,0,0,0,0,0,0,0.001320337810510944,0.001982061809639798,0.002795155166786011,0.003702978963240348,0.004608431778387461,0.005387802600026513,0.005917343534520988,0.006105180181649469,0.005917343534520988,0.005387802600026513,0.004608431778387461,0.003702978963240348,0.002795155166786011,0.001982061809639798,0.001320337810510944,0,0,0,0,0,0,0,0,0,0,0.001168573684944738,0.001754236873503379,0.002473870510441145,0.003277345947301228,0.0040787229315221,0.004768510216057042,0.00523718391170151,0.005403429974758396,0.00523718391170151,0.004768510216057042,0.0040787229315221,0.004445919632245965,0.004228107383944524,0.004228107383944524,0.004445919632245965,0.0040787229315221,0.004768510216057042,0.00523718391170151,0.005403429974758396,0.00523718391170151,0.004768510216057042,0.0040787229315221,0.003277345947301228,0.002473870510441145,0.001754236873503379,0.001168573684944738,0,0,0.001025303014595815,0.001539162123784439,0.002170566498932365,0.002875533415593072,0.003578659156258897,0.004183876432135671,0.004595089314298732,0.004740953106897289,0.004595089314298732,0.004183876432135671,0.003578659156258897,0.002875533415593072,0.002170566498932365,0.001539162123784439,0.001025303014595815,0.001320337810510944,0.001982061809639798,0.002795155166786011,0.003702978963240348,0.004608431778387461,0.005387802600026513,0.005917343534520988,0.006105180181649469,0.006942646549116803,0.006926964723810952,0.006778998277319826,0.006578512378833419,0.006373814323044908,0.006165938241775469,0.005915427124809676,0.004740953106897289,0.004595089314298732,0.004183876432135671,0.003578659156258897,0.002875533415593072,0.002170566498932365,0.001539162123784439,0.001025303014595815,0,0,0,0,0,0,0,0,0,0,0,0.001025303014595815,0.001539162123784439,0.002170566498932365,0.002875533415593072,0.003578659156258897,0.004183876432135671,0.004595089314298732,0.004740953106897289,0.004595089314298732,0.004183876432135671,0.003578659156258897,0.002875533415593072,0.002170566498932365,0.001539162123784439,0.001025303014595815,0,0,0,0,0,0,0,0,0,0,0,0,0,0,0,0,0,0,0,0,0,0.001838222553862663,0.002759498889318159,0.00389151717706505,0.005155422644507358,0.006416027145122064,0.007501095686486469,0.00823834192849522,0.008499854973448386,0.00823834192849522,0.007501095686486469,0.006416027145122064,0.005155422644507358,0.00389151717706505,0.002759498889318159,0.001838222553862663,0
0.00602729971149352,0.004549644515292227,0.003226181053686119,0.002149099895885654,0,0,0.000526659579378242,0.0007906096687200192,0.001114938338292962,0.001477053317493005,0.001838222553862663,0.002149099895885654,0.002360324480688309,0.002435249222508907,0.002360324480688309,0.002149099895885654,0.001838222553862663,0.001477053317493005,0.001114938338292962,0.001581219337440038,0.001713505262526186,0.001673720681814422,0.002217319649637031,0.002759498889318159,0.003226181053686119,0.003543266711206109,0.003655742070297929,0.003543266711206109,0.003226181053686119,0.002759498889318159,0.002217319649637031,0.001673720681814422,0.001186845683147944,0.0007906096687200192,0,0,0,0,0,0,0,0,0,0,0,0,0,0,0,0,0,0,0,0,0,0,0,0,0,0,0,0,0,0,0,0,0,0,0,0,0,0,0.001114938338292962,0.001673720681814422,0.002360324480688309,0.003126921897670497,0.00389151717706505,0.004549644515292227,0.004996806964828454,0.005155422644507358,0.004996806964828454,0.004549644515292227,0.00389151717706505,0.003126921897670497,0.002360324480688309,0.001673720681814422,0.001114938338292962,0,0,0,0,0,0,0,0,0,0,0,0,0,0,0,0.0009659797776589963,0.00145010739747074,0.002044979205351603,0.00270915728316727,0.003371600714002633,0.003941800587858749,0.004329221011701917,0.004466645238430049,0.004329221011701917,0.003941800587858749,0.003371600714002633,0.00270915728316727,0.002044979205351603,0.00145010739747074,0.0009659797776589963,0,0,0,0,0,0,0,0,0,0,0.0008286428246279664,0.001243940212460898,0.001754236873503379,0.002323986273217453,0.00289224764719151,0.003381380075221943,0.003713719490349219,0.003831605601468734,0.003713719490349219,0.003381380075221943,0.00289224764719151,0.003152629097845419,0.002998177085964277,0.002998177085964277,0.003152629097845419,0.00289224764719151,0.003381380075221943,0.003713719490349219,0.003831605601468734,0.003713719490349219,0.003381380075221943,0.00289224764719151,0.002323986273217453,0.001754236873503379,0.001243940212460898,0.0008286428246279664,0,0,0,0,0,0,0,0,0,0,0,0,0,0,0,0,0,0.0009659797776589963,0.00145010739747074,0.002044979205351603,0.00270915728316727,0.003371600714002633,0.003941800587858749,0.004329221011701917,0.004466645238430049,0.004329221011701917,0.003941800587858749,0.003371600714002633,0.00270915728316727,0.002044979205351603,0.00145010739747074,0.0009659797776589963,0,0,0,0,0,0,0,0,0,0,0,0,0,0,0,0,0,0,0,0,0,0,0,0,0,0,0,0,0,0,0,0,0,0,0,0,0,0,0,0,0,0,0,0,0,0,0,0,0,0,0,0,0,0,0,0.001477053317493005,0.002217319649637031,0.003126921897670497,0.004142498471769416,0.005155422644507358,0.00602729971149352,0.006619693709314979,0.00682982534424901,0.006619693709314979,0.00602729971149352,0.005155422644507358,0.004142498471769416,0.003126921897670497,0.002217319649637031,0.001477053317493005,0
0.005155422644507358,0.00389151717706505,0.002759498889318159,0.001838222553862663,0,0,0.0007906096687200192,0.001186845683147944,0.001673720681814422,0.002217319649637031,0.002759498889318159,0.003226181053686119,0.003543266711206109,0.003655742070297929,0.003543266711206109,0.003226181053686119,0.002759498889318159,0.002217319649637031,0.001673720681814422,0.002301784021440907,0.002464330350534441,0.002360324480688309,0.003126921897670497,0.00389151717706505,0.004549644515292227,0.004996806964828454,0.005155422644507358,0.004996806964828454,0.004549644515292227,0.00389151717706505,0.003126921897670497,0.002360324480688309,0.001673720681814422,0.001114938338292962,0,0,0,0,0,0,0,0,0,0,0,0,0,0,0,0,0,0,0,0,0,0,0,0,0,0,0,0,0,0,0,0,0,0,0,0,0,0,0.0007906096687200192,0.001186845683147944,0.001673720681814422,0.002217319649637031,0.002759498889318159,0.003226181053686119,0.003543266711206109,0.003655742070297929,0.003543266711206109,0.003226181053686119,0.002759498889318159,0.002217319649637031,0.001673720681814422,0.001186845683147944,0.0007906096687200192,0,0,0,0,0,0,0,0,0,0,0,0,0,0,0,0.0006639075447139152,0.0009966432673771185,0.001405492283188638,0.001861974755279343,0.002317265023097996,0.00270915728316727,0.002975427186859334,0.003069877384535718,0.002975427186859334,0.00270915728316727,0.002317265023097996,0.001861974755279343,0.001405492283188638,0.0009966432673771185,0.0006639075447139152,0,0,0,0,0,0,0,0,0,0,0,0,0,0,0,0,0,0,0,0,0,0,0,0,0,0,0,0,0,0,0,0,0,0,0,0,0,0,0,0,0,0,0,0,0,0,0,0,0,0,0,0,0,0.0006639075447139152,0.0009966432673771185,0.001405492283188638,0.001861974755279343,0.002317265023097996,0.00270915728316727,0.002975427186859334,0.003069877384535718,0.002975427186859334,0.00270915728316727,0.002317265023097996,0.001861974755279343,0.001405492283188638,0.0009966432673771185,0.0006639075447139152,0,0,0,0,0,0,0,0,0,0,0,0,0,0,0,0,0,0,0,0,0,0,0,0,0,0,0,0,0,0,0,0,0,0,0,0,0,0,0,0,0,0,0,0,0,0,0,0,0,0,0,0,0,0,0,0.001114938338292962,0.001673720681814422,0.002360324480688309,0.003126921897670497,0.00389151717706505,0.004549644515292227,0.004996806964828454,0.005155422644507358,0.004996806964828454,0.004549644515292227,0.00389151717706505,0.003126921897670497,0.002360324480688309,0.001673720681814422,0.001114938338292962,0
0.004142498471769416,0.003126921897670497,0.002217319649637031,0.001477053317493005,0,0,0.001114938338292962,0.001673720681814422,0.002360324480688309,0.003126921897670497,0.00389151717706505,0.004549644515292227,0.004996806964828454,0.005155422644507358,0.004996806964828454,0.004549644515292227,0.00389151717706505,0.003126921897670497,0.002360324480688309,0.003150773999307427,0.003332257987929994,0.003126921897670497,0.004142498471769416,0.005155422644507358,0.00602729971149352,0.006619693709314979,0.00682982534424901,0.006619693709314979,0.00602729971149352,0.005155422644507358,0.004142498471769416,0.003126921897670497,0.002217319649637031,0.001477053317493005,0,0,0,0,0,0,0,0,0,0,0,0,0,0,0,0,0,0,0,0,0,0,0,0,0,0,0,0,0,0,0,0,0,0,0,0,0,0,0.000526659579378242,0.0007906096687200192,0.001114938338292962,0.001477053317493005,0.001838222553862663,0.002149099895885654,0.002360324480688309,0.002435249222508907,0.002360324480688309,0.002149099895885654,0.001838222553862663,0.001477053317493005,0.001114938338292962,0.0007906096687200192,0.000526659579378242,0,0,0,0,0,0,0,0,0,0,0,0,0,0,0,0,0,0,0,0,0,0,0,0,0,0,0,0,0,0,0,0,0,0,0,0,0,0,0,0,0,0,0,0,0,0,0,0,0,0,0,0,0,0,0,0,0,0,0,0,0,0,0,0,0,0,0,0,0,0,0,0,0,0,0,0,0,0,0,0,0,0,0,0,0,0,0,0,0,0,0,0,0,0,0,0,0,0,0,0,0,0,0,0,0,0,0,0,0,0,0,0,0,0,0,0,0,0,0,0,0,0,0,0,0,0,0,0,0,0,0,0,0,0,0,0,0,0,0,0,0,0,0,0,0,0,0,0,0,0,0,0,0,0.0007906096687200192,0.001186845683147944,0.001673720681814422,0.002217319649637031,0.002759498889318159,0.003226181053686119,0.003543266711206109,0.003655742070297929,0.003543266711206109,0.003226181053686119,0.002759498889318159,0.002217319649637031,0.001673720681814422,0.001186845683147944,0.0007906096687200192,0
0.003126921897670497,0.002360324480688309,0.001673720681814422,0.001114938338292962,0,0,0.001477053317493005,0.002217319649637031,0.003126921897670497,0.004142498471769416,0.005155422644507358,0.00602729971149352,0.006619693709314979,0.00682982534424901,0.006619693709314979,0.00602729971149352,0.005155422644507358,0.004142498471769416,0.003126921897670497,0.004055542203499694,0.004236552206811163,0.00389151717706505,0.005155422644507358,0.006416027145122064,0.007501095686486469,0.00823834192849522,0.008499854973448386,0.00823834192849522,0.007501095686486469,0.006416027145122064,0.005155422644507358,0.00389151717706505,0.002759498889318159,0.001838222553862663,0,0,0,0,0,0,0,0,0,0,0,0,0,0,0,0,0,0,0,0,0,0,0,0,0,0,0,0,0,0,0,0,0,0,0,0,0,0,0,0,0,0,0,0,0,0,0,0,0,0,0,0,0,0,0,0,0,0,0,0,0,0,0,0,0,0,0,0,0,0,0,0,0,0,0,0,0,0,0,0,0,0,0,0,0,0,0,0,0,0,0,0,0,0,0,0,0,0,0,0,0,0,0,0,0,0,0,0,0,0,0,0,0,0,0,0,0,0,0,0,0,0,0,0,0,0,0,0,0,0,0,0,0,0,0,0,0,0,0,0,0,0,0,0,0,0,0,0,0,0,0,0,0,0,0,0,0,0,0,0,0,0,0,0,0,0,0,0,0,0,0,0,0,0,0,0,0,0,0,0,0,0,0,0,0,0,0,0,0,0,0,0,0,0,0,0,0,0,0,0,0,0,0,0,0,0,0.000526659579378242,0.0007906096687200192,0.001114938338292962,0.001477053317493005,0.001838222553862663,0.002149099895885654,0.002360324480688309,0.002435249222508907,0.002360324480688309,0.002149099895885654,0.001838222553862663,0.001477053317493005,0.001114938338292962,0.0007906096687200192,0.000526659579378242,0
0.002217319649637031,0.001673720681814422,0.001186845683147944,0.0007906096687200192,0,0,0.001838222553862663,0.002759498889318159,0.00389151717706505,0.005155422644507358,0.006416027145122064,0.007501095686486469,0.00823834192849522,0.008499854973448386,0.00823834192849522,0.007501095686486469,0.006416027145122064,0.005155422644507358,0.00389151717706505,0.004908598785203813,0.005064403607548782,0.004549644515292227,0.00602729971149352,0.007501095686486469,0.008769669333553833,0.009631597514455409,0.009937337239224112,0.009631597514455409,0.008769669333553833,0.007501095686486469,0.00602729971149352,0.004549644515292227,0.003226181053686119,0.002149099895885654,0,0,0,0,0,0,0,0,0,0,0,0,0,0,0,0,0,0,0,0,0,0,0,0,0,0,0,0,0,0,0,0,0,0,0,0,0,0,0,0,0,0,0,0,0,0,0,0,0,0,0,0,0,0,0,0,0,0,0,0,0,0,0,0,0,0,0,0,0,0,0,0,0,0,0,0,0,0,0,0,0,0,0,0,0,0,0,0,0,0,0,0,0,0,0,0,0,0,0,0,0,0,0,0,0,0,0,0,0,0,0,0,0,0,0,0,0,0,0,0,0,0,0,0,0,0,0,0,0,0,0,0,0,0,0,0,0,0,0,0,0,0,0,0,0,0,0,0,0,0,0,0,0,0,0,0,0,0,0,0,0,0,0,0,0,0,0,0,0,0,0,0,0,0,0,0,0,0,0,0,0,0,0,0,0,0,0,0,0,0,0,0,0,0,0,0,0,0,0,0,0,0,0,0,0,0,0,0,0,0,0,0,0,0,0,0,0,0,0,0,0,0
0.001477053317493005,0.001114938338292962,0.0007906096687200192,0.000526659579378242,0,0,0.002149099895885654,0.003226181053686119,0.004549644515292227,0.00602729971149352,0.007501095686486469,0.008769669333553833,0.009631597514455409,0.009937337239224112,0.009631597514455409,0.008769669333553833,0.007501095686486469,0.00602729971149352,0.004549644515292227,0.005586505534374429,0.005692366607091763,0.004996806964828454,0.006619693709314979,0.00823834192849522,0.009631597514455409,0.01057824042755217,0.01091402982406744,0.01057824042755217,0.009631597514455409,0.00823834192849522,0.006619693709314979,0.004996806964828454,0.003543266711206109,0.002360324480688309,0,0,0,0,0,0,0,0,0,0,0,0,0,0,0,0,0,0,0,0,0,0,0,0,0,0,0,0,0,0,0,0,0,0,0,0,0,0,0,0,0,0,0,0,0,0,0,0,0,0,0,0,0,0,0,0,0,0,0,0,0,0,0,0,0,0,0,0,0,0,0,0,0,0,0,0,0,0,0,0,0,0,0,0,0,0,0,0,0,0,0,0,0,0,0,0,0,0,0,0,0,0,0,0,0,0,0,0,0,0,0,0,0,0,0,0,0,0,0,0,0,0,0,0,0,0,0,0,0,0,0,0,0,0,0,0,0,0,0,0,0,0,0,0,0,0,0,0,0,0,0,0,0,0,0,0,0,0,0,0,0,0,0,0,0,0,0,0,0,0,0,0,0,0,0,0,0,0,0,0,0,0,0,0,0,0,0,0,0,0,0,0,0,0,0,0,0,0,0,0,0,0,0,0,0,0,0,0,0,0,0,0,0,0,0,0,0,0,0,0,0,0
0,0,0,0,0,0,0.002360324480688309,0.003543266711206109,0.004996806964828454,0.006619693709314979,0.00823834192849522,0.009631597514455409,0.01057824042755217,0.01091402982406744,0.01057824042755217,0.009631597514455409,0.00823834192849522,0.006619693709314979,0.004996806964828454,0.005978515933715015,0.006016066550986239,0.005155422644507358,0.00682982534424901,0.008499854973448386,0.009937337239224112,0.01091402982406744,0.01126047832023017,0.01091402982406744,0.009937337239224112,0.008499854973448386,0.00682982534424901,0.005155422644507358,0.003655742070297929,0.002435249222508907,0,0,0,0,0,0,0,0,0,0,0,0,0,0,0,0,0,0,0,0,0,0,0,0,0,0,0,0,0,0,0,0,0,0,0,0,0,0,0,0,0,0,0,0,0,0,0,0,0,0,0,0,0,0,0,0,0,0,0,0,0,0,0,0,0,0,0,0,0,0,0,0,0,0,0,0,0,0,0,0,0,0,0,0,0,0,0,0,0,0,0,0,0,0,0,0,0,0,0,0,0,0,0,0,0,0,0,0,0,0,0,0,0,0,0,0,0,0,0,0,0,0,0,0,0,0,0,0,0,0,0,0,0,0,0,0,0,0,0,0,0,0,0,0,0,0,0,0,0,0,0,0,0,0,0,0,0,0,0,0,0,0,0,0,0,0,0,0,0,0,0,0,0,0,0,0,0,0,0,0,0,0,0,0,0,0,0,0,0,0,0,0,0,0,0,0,0,0,0,0,0,0,0,0,0,0,0,0,0,0,0,0,0,0,0,0,0,0,0,0,0,0
0,0,0,0,0,0,0.002435249222508907,0.003655742070297929,0.005155422644507358,0.00682982534424901,0.008499854973448386,0.009937337239224112,0.01091402982406744,0.01126047832023017,0.01091402982406744,0.009937337239224112,0.008499854973448386,0.00682982534424901,0.005155422644507358,0.006016066550986239,0.005978515933715015,0.004996806964828454,0.006619693709314979,0.00823834192849522,0.009631597514455409,0.01057824042755217,0.01091402982406744,0.01057824042755217,0.009631597514455409,0.00823834192849522,0.006619693709314979,0.004996806964828454,0.003543266711206109,0.002360324480688309,0,0,0,0,0,0,0,0,0,0,0,0,0,0,0,0,0,0,0,0,0,0,0,0,0,0,0,0,0,0,0,0,0,0,0,0,0,0,0,0,0,0,0,0,0,0,0,0,0,0,0,0,0,0,0,0,0,0,0,0,0,0,0,0,0,0,0,0,0,0,0,0,0,0,0,0,0,0,0,0,0,0,0,0,0,0,0,0,0,0,0,0,0,0,0,0,0,0,0,0,0,0,0,0,0,0,0,0,0,0,0,0,0,0,0,0,0,0,0,0,0,0,0,0,0,0,0,0,0,0,0,0,0,0,0,0,0,0,0,0,0,0,0,0,0,0,0,0,0,0,0,0,0,0,0,0,0,0,0,0,0,0,0,0,0,0,0,0,0,0,0,0,0,0,0,0,0,0,0,0,0,0,0,0,0,0,0,0,0,0,0,0,0,0,0,0,0,0,0,0,0,0,0,0,0,0,0,0,0,0,0,0,0,0,0,0,0,0,0,0,0,0
0,0,0,0,0,0,0.002360324480688309,0.003543266711206109,0.004996806964828454,0.006619693709314979,0.00823834192849522,0.009631597514455409,0.01057824042755217,0.01091402982406744,0.01057824042755217,0.009631597514455409,0.00823834192849522,0.006619693709314979,0.004996806964828454,0.005692366607091763,0.005586505534374429,0.004549644515292227,0.00602729971149352,0.007501095686486469,0.008769669333553833,0.009631597514455409,0.009937337239224112,0.009631597514455409,0.008769669333553833,0.007501095686486469,0.00602729971149352,0.004549644515292227,0.003226181053686119,0.002149099895885654,0,0,0,0,0,0,0,0,0,0,0,0,0,0,0,0,0,0,0,0,0,0,0,0,0,0,0,0,0,0,0,0,0,0,0,0,0,0,0,0,0,0,0,0,0,0,0,0,0,0,0,0,0,0,0,0,0,0,0,0,0,0,0,0,0,0,0,0,0,0,0,0,0,0,0,0,0,0,0,0,0,0,0,0,0,0,0,0,0,0,0,0,0,0,0,0,0,0,0,0,0,0,0,0,0,0,0,0,0,0,0,0,0,0,0,0,0,0,0,0,0,0,0,0,0,0,0,0,0,0,0,0,0,0,0,0,0,0,0,0,0,0,0,0,0,0,0,0,0,0,0,0,0,0,0,0,0,0,0,0,0,0,0,0,0,0,0,0,0,0,0,0,0,0,0,0,0,0,0,0,0,0,0,0,0,0,0,0,0,0,0,0,0,0,0,0,0,0,0,0,0,0,0,0,0,0,0,0,0,0,0,0,0,0,0,0,0,0,0,0,0,0
0,0,0,0,0,0,0.002149099895885654,0.003226181053686119,0.004549644515292227,0.00602729971149352,0.007501095686486469,0.008769669333553833,0.009631597514455409,0.009937337239224112,0.009631597514455409,0.008769669333553833,0.007501095686486469,0.00602729971149352,0.004549644515292227,0.005064403607548782,0.004908598785203813,0.00389151717706505,0.005155422644507358,0.006416027145122064,0.007501095686486469,0.00823834192849522,0.008499854973448386,0.00823834192849522,0.007501095686486469,0.006416027145122064,0.005155422644507358,0.00389151717706505,0.002759498889318159,0.001838222553862663,0,0,0,0,0,0,0,0,0,0,0,0,0,0,0,0,0,0,0,0,0,0,0,0,0,0,0,0,0,0,0,0,0,0,0,0,0,0,0,0,0,0,0,0,0,0,0,0,0,0,0,0,0,0,0,0,0,0,0,0,0,0,0,0,0,0,0,0,0,0,0,0,0,0,0,0,0,0,0,0,0,0,0,0,0,0,0,0,0,0,0,0,0,0,0,0,0,0,0,0,0,0,0,0,0,0,0,0,0,0,0,0,0,0,0,0,0,0,0,0,0,0,0,0,0,0,0,0,0,0,0,0,0,0,0,0,0,0,0,0,0,0,0,0,0,0,0,0,0,0,0,0,0,0,0,0,0,0,0,0,0,0,0,0,0,0,0,0,0,0,0,0,0,0,0,0,0,0,0,0,0,0,0,0,0,0,0,0,0,0,0,0,0,0,0,0,0,0,0,0,0,0,0,0,0,0,0,0,0,0,0,0,0,0,0,0,0,0,0,0,0,0
0,0,0,0,0,0,0.001838222553862663,0.002759498889318159,0.00389151717706505,0.005155422644507358,0.006416027145122064,0.007501095686486469,0.00823834192849522,0.008499854973448386,0.00823834192849522,0.007501095686486469,0.006416027145122064,0.005155422644507358,0.00389151717706505,0.004236552206811163,0.004055542203499694,0.003126921897670497,0.004142498471769416,0.005155422644507358,0.00602729971149352,0.006619693709314979,0.00682982534424901,0.006619693709314979,0.00602729971149352,0.005155422644507358,0.004142498471769416,0.003126921897670497,0.002217319649637031,0.001477053317493005,0,0,0,0,0,0,0,0,0,0,0,0,0,0,0,0,0,0,0,0,0,0,0,0,0,0,0,0,0,0,0,0,0,0,0,0,0,0,0,0,0,0,0,0,0,0,0,0,0,0,0,0,0,0,0,0,0,0,0,0,0,0,0,0,0,0,0,0,0,0,0,0,0,0,0,0,0,0,0,0,0,0,0,0,0,0,0,0,0,0,0,0,0,0,0,0,0,0,0,0,0,0,0,0,0,0,0,0,0,0,0,0,0,0,0,0,0,0,0,0,0,0,0,0,0,0,0,0,0,0,0,0,0,0,0,0,0,0,0,0,0,0,0,0,0,0,0,0,0,0,0,0,0,0,0,0,0,0,0,0,0,0,0,0,0,0,0,0,0,0,0,0,0,0,0,0,0,0,0,0,0,0,0,0,0,0,0,0,0,0,0,0,0,0,0,0,0,0,0,0,0,0,0,0,0,0,0,0,0,0,0,0,0,0,0,0,0,0,0,0,0,0
0,0,0,0,0,0,0.001477053317493005,0.002217319649637031,0.003126921897670497,0.004142498471769416,0.005155422644507358,0.00602729971149352,0.006619693709314979,0.00682982534424901,0.006619693709314979,0.00602729971149352,0.005155422644507358,0.004142498471769416,0.003126921897670497,0.003332257987929994,0.003150773999307427,0.002360324480688309,0.003126921897670497,0.00389151717706505,0.004549644515292227,0.004996806964828454,0.005155422644507358,0.004996806964828454,0.004549644515292227,0.00389151717706505,0.003126921897670497,0.002360324480688309,0.001673720681814422,0.001114938338292962,0,0,0,0,0,0,0,0,0,0,0,0,0,0,0,0,0,0,0,0,0,0,0,0,0,0,0,0,0,0,0,0,0,0,0,0,0,0,0,0,0,0,0,0,0,0,0,0,0,0,0,0,0,0,0,0,0,0,0,0,0,0,0,0,0,0,0,0,0,0,0,0,0,0,0,0,0,0,0,0,0,0,0,0,0,0,0,0,0,0,0,0,0,0,0,0,0,0,0,0,0,0,0,0,0,0,0,0,0,0,0,0,0,0,0,0,0,0,0,0,0,0,0,0,0,0,0,0,0,0,0,0,0,0,0,0,0,0,0,0,0,0,0,0,0,0,0,0,0,0,0,0,0,0,0,0,0,0,0,0,0,0,0,0,0,0,0,0,0,0,0,0,0,0,0,0,0,0,0,0,0,0,0,0,0,0,0,0,0,0,0,0,0,0,0,0,0,0,0,0,0,0,0,0,0,0,0,0,0,0,0,0,0,0,0,0,0,0,0,0,0,0
0,0,0,0,0,0,0.001114938338292962,0.001673720681814422,0.002360324480688309,0.003126921897670497,0.00389151717706505,0.004549644515292227,0.004996806964828454,0.005155422644507358,0.004996806964828454,0.004549644515292227,0.00389151717706505,0.003126921897670497,0.002360324480688309,0.002464330350534441,0.002301784021440907,0.001673720681814422,0.002217319649637031,0.002759498889318159,0.003226181053686119,0.003543266711206109,0.003655742070297929,0.003543266711206109,0.003226181053686119,0.002759498889318159,0.002217319649637031,0.001673720681814422,0.001186845683147944,0.0007906096687200192,0,0,0,0,0,0,0,0,0,0,0,0,0,0,0,0,0,0,0,0,0,0,0,0,0,0,0,0,0,0,0,0,0,0,0,0,0,0,0,0,0,0,0,0,0,0,0,0,0,0,0,0,0,0,0,0,0,0,0,0,0,0,0,0,0,0,0,0,0,0,0,0,0,0,0,0,0,0,0,0,0,0,0,0,0,0,0,0,0,0,0,0,0,0,0,0,0,0,0,0,0,0,0,0,0,0,0,0,0,0,0,0,0,0,0,0,0,0,0,0,0,0,0,0,0,0,0,0,0,0,0,0,0,0,0,0,0,0,0,0,0,0,0,0,0,0,0,0,0,0,0,0,0,0,0,0,0,0,0,0,0,0,0,0,0,0,0,0,0,0,0,0,0,0,0,0,0,0,0,0,0,0,0,0,0,0,0,0,0,0,0,0,0,0,0,0,0,0,0,0,0,0,0,0,0,0,0,0,0,0,0,0,0,0,0,0,0,0,0,0,0,0
0,0,0,0,0,0,0.0007906096687200192,0.001186845683147944,0.001673720681814422,0.002217319649637031,0.002759498889318159,0.003226181053686119,0.003543266711206109,0.003655742070297929,0.003543266711206109,0.003226181053686119,0.002759498889318159,0.002217319649637031,0.001673720681814422,0.001713505262526186,0.001581219337440038,0.001114938338292962,0.001477053317493005,0.001838222553862663,0.002149099895885654,0.002360324480688309,0.002435249222508907,0.002360324480688309,0.002149099895885654,0.001838222553862663,0.001477053317493005,0.001114938338292962,0.0007906096687200192,0.000526659579378242,0,0,0,0,0,0,0,0,0,0,0,0,0,0,0,0,0,0,0,0,0,0,0,0,0,0,0,0,0,0,0,0,0,0,0,0,0,0,0,0,0,0,0,0,0,0,0,0,0,0,0,0,0,0,0,0,0,0,0,0,0,0,0,0,0,0,0,0,0,0,0,0,0,0,0,0,0,0,0,0,0,0,0,0,0,0,0,0,0,0,0,0,0,0,0,0,0,0,0,0,0,0,0,0,0,0,0,0,0,0,0,0,0,0,0,0,0,0,0,0,0,0,0,0,0,0,0,0,0,0,0,0,0,0,0,0,0,0,0,0,0,0,0,0,0,0,0,0,0,0,0,0,0,0,0,0,0,0,0,0,0,0,0,0,0,0,0,0,0,0,0,0,0,0,0,0,0,0,0,0,0,0,0,0,0,0,0,0,0,0,0,0,0,0,0,0,0,0,0,0,0,0,0,0,0,0,0,0,0,0,0,0,0,0,0,0,0,0,0,0,0,0
0,0,0,0,0,0,0.000526659579378242,0.0007906096687200192,0.001114938338292962,0.001477053317493005,0.001838222553862663,0.002149099895885654,0.002360324480688309,0.002435249222508907,0.002360324480688309,0.002149099895885654,0.001838222553862663,0.001477053317493005,0.001114938338292962,0.0007906096687200192,0.000526659579378242,0,0,0,0,0,0,0,0,0,0,0,0,0,0,0,0,0,0,0,0,0,0,0,0,0,0,0,0,0,0,0,0,0,0,0,0,0,0,0,0,0,0,0,0,0,0,0,0,0,0,0,0,0,0,0,0,0,0,0,0,0,0,0,0,0,0,0,0,0,0,0,0,0,0,0,0,0,0,0,0,0,0,0,0,0,0,0,0,0,0,0,0,0,0,0,0,0,0,0,0,0,0,0,0,0,0,0,0,0,0,0,0,0,0,0,0,0,0,0,0,0,0,0,0,0,0,0,0,0,0,0,0,0,0,0,0,0,0,0,0,0,0,0,0,0,0,0,0,0,0,0,0,0,0,0,0,0,0,0,0,0,0,0,0,0,0,0,0,0,0,0,0,0,0,0,0,0,0,0,0,0,0,0,0,0,0,0,0,0,0,0,0,0,0,0,0,0,0,0,0,0,0,0,0,0,0,0,0,0,0,0,0,0,0,0,0,0,0,0,0,0,0,0,0,0,0,0,0,0,0,0,0,0,0,0
0,0,0,0,0,0,0,0,0,0,0,0,0,0,0,0,0,0,0,0,0,0,0,0,0,0,0,0,0,0,0,0,0,0,0,0,0,0,0,0,0,0,0,0,0,0,0,0,0,0,0,0,0,0,0,0,0,0,0,0,0,0,0,0,0,0,0,0,0,0,0,0,0,0,0,0,0,0,0,0,0,0,0,0,0,0,0,0,0,0,0,0,0,0,0,0,0,0,0,0,0,0,0,0,0,0,0,0,0,0,0,0,0,0,0,0,0,0,0,0,0,0,0,0,0,0,0,0,0,0,0,0,0,0,0,0,0,0,0,0,0,0,0,0,0,0,0,0,0,0,0,0,0,0,0,0,0,0,0,0,0,0,0,0,0,0,0,0,0,0,0,0,0,0,0,0,0,0,0,0,0,0,0,0,0,0,0,0,0,0,0,0,0,0,0,0,0,0,0,0,0,0,0,0,0,0,0,0,0,0,0,0,0,0,0,0,0,0,0,0,0,0,0,0,0,0,0,0,0,0,0,0,0,0,0,0,0,0,0,0,0,0,0,0,0,0,0,0,0,0,0,0,0,0,0,0
0,0,0,0,0,0,0,0,0,0,0,0,0,0,0,0,0,0,0,0,0,0,0,0,0,0,0,0,0,0,0,0,0,0,0,0,0,0,0,0,0,0,0,0,0,0,0,0,0,0,0,0,0,0,0,0,0,0,0,0,0,0,0,0,0,0,0,0,0,0,0,0,0,0,0,0,0,0,0,0,0,0,0,0,0,0,0,0,0,0,0,0,0,0,0,0,0,0,0,0,0,0,0,0,0,0,0,0,0,0,0,0,0,0,0,0,0,0,0,0,0,0,0,0,0,0,0,0,0,0,0,0,0,0,0,0,0,0,0,0,0,0,0,0,0,0,0,0,0,0,0,0,0,0,0,0,0,0,0,0,0,0,0,0,0,0,0,0,0,0,0,0,0,0,0,0,0,0,0,0,0,0,0,0,0,0,0,0,0,0,0,0,0,0,0,0,0,0,0,0,0,0,0,0,0,0,0,0,0,0,0,0,0,0,0,0,0,0,0,0,0,0,0,0,0,0,0,0,0,0,0,0,0,0,0,0,0,0,0,0,0,0,0,0,0,0,0,0,0,0,0,0,0,0,0,0
