0.008441161692357277,0.008441161692357277,0.008123728862498951,0.007515747125195668,0.006670527646642875,0.005664582853585189,0.00389151717706505,0.005276021793556151,0.005586505534374429,0.006223365197106649,0.007142238049786483,0.007501095686486469,0.008769669333553833,0.009631597514455409,0.009937337239224112,0.01206684673696432,0.01242541140385176,0.01265651833099383,0.01285712505574253,0.01304949948874061,0.01316351829291023,0.01306312971995309,0.01126047832023017,0.01091402982406744,0.009937337239224112,0.008499854973448386,0.007356484923627252,0.005946032313227377,0.007131004889279201,0.00745556925120802,0.006835029518691116,0.008768793605200633,0.01059866640918353,0.01206684673696432,0.01293856490824048,0.01306312971995309,0.01241646298141483,0.01110865083194841,0.009353280266788182,0.007410303378034997,0.006050126123584938,0.004333876379926127,0.003475262818981272,0.001477053317493005,0.001838222553862663,0.002149099895885654,0.002360324480688309,0.002435249222508907,0.002360324480688309,0.002149099895885654,0.001838222553862663,0.001477053317493005,0.001641597917671204,0.001581219337440038,0.001641597917671204,0.001477053317493005,0.004198547034550972,0.005692366607091763,0.007357131445516763,0.009054942931823885,0.01171360474747649,0.01345441809215549,0.01477678746210314,0.01551800503923094,0.01558469594291018,0.01497185169846765,0.01376180847270192,0.01177511635382234,0.01110855226794987,0.009766631908312758,0.008612166138441669,0.006253843795340994,0.00625184165775336,0.008372465092992304,0.0104528646951005,0.01137878784161401,0.01338443115701028,0.01517766209944919,0.01655270368768393,0.01730816392741813,0.01729446868474088,0.01646074084077719,0.01567202430539527,0.01323758588492664,0.01159253757037299,0.009893886062599756,0.008346004423692587,0.007049001631386195,0.004658205049499071,0.003655742070297929,0.003543266711206109,0.003226181053686119,0.002759498889318159,0.002217319649637031,0.001673720681814422,0.003622094905656851,0.004446351739017949,0.005155422644507358,0.00682982534424901,0.008499854973448386,0.009937337239224112,0.01091402982406744,0.01126047832023017,0.01091402982406744,0.009937337239224112,0.008499854973448386,0.00682982534424901,0.005155422644507358,0.003655742070297929,0.002435249222508907,0,0
0.008786798600811678,0.008381603698193477,0.007685765182975524,0.006782663967968426,0.00576058636084314,0.004703234371179124,0.002759498889318159,0.004577644130325341,0.00521698739302053,0.006183652647976398,0.007410303378034997,0.00823834192849522,0.009631597514455409,0.01057824042755217,0.01091402982406744,0.01293856490824048,0.01317486422566152,0.01323514889332367,0.01323938741862996,0.01323514889332367,0.01317486422566152,0.01293856490824048,0.01091402982406744,0.01057824042755217,0.009631597514455409,0.00823834192849522,0.007410303378034997,0.006183652647976398,0.007366087288906185,0.00780382518401146,0.007309143404610386,0.00925348076517964,0.01104436239769258,0.01242541140385176,0.01317486422566152,0.01316351829291023,0.01239109640377357,0.01098698898319087,0.009174816368300892,0.007214145394641464,0.005340254184012246,0.003226181053686119,0.002149099895885654,0,0,0,0,0,0,0,0,0,0.0007906096687200192,0.001186845683147944,0.001673720681814422,0.002217319649637031,0.005194748111827066,0.006881923123984049,0.008698689355713466,0.01048556741454694,0.01283373135337451,0.01435036397605818,0.01534724939520002,0.01569511761950423,0.01534724939520002,0.01435036397605817,0.01283373135337451,0.01048556741454694,0.01017574267320647,0.009099242773621081,0.008321670009497562,0.006359818121406447,0.00682914332632178,0.009052367948504128,0.01164685558484616,0.01293866217095109,0.01490203825149283,0.016585825328385,0.01781194097550119,0.01840814011175815,0.01824647058043386,0.01728548692238126,0.01671278105158741,0.01411704753843001,0.01267116976970302,0.01116093754650496,0.009777937964053705,0.008605186718791921,0.006473860282321458,0.005155422644507358,0.004996806964828454,0.004549644515292227,0.00389151717706505,0.003126921897670497,0.002360324480688309,0.004034045162502732,0.004658205049499071,0.004996806964828454,0.006619693709314979,0.00823834192849522,0.009631597514455409,0.01057824042755217,0.01091402982406744,0.01057824042755217,0.009631597514455409,0.00823834192849522,0.006619693709314979,0.004996806964828454,0.003543266711206109,0.002360324480688309,0,0
0.01081637155784214,0.01040334959487038,0.009664847021081321,0.008687090880262267,0.007555072592515375,0.006347646930436626,0.003987322449748316,0.005750525093864574,0.006247733726083896,0.007060970651520339,0.008147094592347271,0.009026514552826628,0.009937337239224112,0.01091402982406744,0.01126047832023017,0.01306312971995309,0.01316351829291023,0.01304949948874061,0.01285712505574253,0.01265651833099383,0.01242541140385176,0.01206684673696432,0.009937337239224112,0.009631597514455409,0.008769669333553833,0.007501095686486469,0.007142238049786483,0.006223365197106649,0.007424728088237091,0.00803552068287431,0.0077830343541301,0.009705067159799585,0.01141283410995052,0.01265651833099383,0.01323514889332367,0.01304949948874061,0.01212985910556027,0.01062801758415697,0.008776351625810374,0.00682914332632178,0.005006455515358012,0.002759498889318159,0.001838222553862663,0,0,0,0,0,0,0,0,0,0.001114938338292962,0.001673720681814422,0.002360324480688309,0.003126921897670497,0.00625184165775336,0.008092911226498335,0.009993613929656907,0.01177511635382234,0.01376180847270192,0.01497185169846766,0.01558469594291018,0.01551800503923094,0.01477678746210314,0.01345441809215549,0.01171360474747649,0.009054942931823885,0.009195353999379426,0.008451865496409921,0.008090064211616021,0.006632475962000363,0.007530965483415026,0.009768758672699494,0.01282054371137316,0.01438627576043704,0.01627235757732969,0.01781194097550119,0.01885935400173765,0.01927621204030881,0.01895968444980928,0.01787904757208152,0.01758091751134441,0.01487383798063086,0.01368544751456198,0.01242484301394727,0.01126425947120944,0.01026385191830468,0.00845791626317764,0.00682982534424901,0.006619693709314979,0.00602729971149352,0.005155422644507358,0.004669158051147658,0.003917531566390516,0.005481357883815648,0.006180287688672128,0.006387867069154889,0.008176399607379174,0.009861420167174778,0.01120491855606274,0.01199192199514372,0.01208643713510977,0.01146982006831807,0.01024672265104684,0.008616034024779432,0.006817909380213539,0.005076304094670469,0.003226181053686119,0.002149099895885654,0,0
0.01098698898319087,0.01026059457580463,0.00925348076517964,0.008092911226498335,0.006881923123984049,0.005692366607091763,0.003226181053686119,0.005119823370006468,0.00576058636084314,0.006670527646642875,0.007806539392462923,0.009028951597215239,0.009631597514455409,0.01057824042755217,0.01091402982406744,0.01241646298141483,0.01239109640377357,0.01212985910556027,0.01177511635382234,0.01141283410995052,0.01104436239769258,0.01059866640918353,0.008499854973448386,0.00823834192849522,0.007501095686486469,0.006416027145122064,0.006632475962000363,0.006108836826702081,0.007363474104481659,0.00819804067526911,0.008282344542177855,0.01016979818326294,0.01177511635382234,0.01285712505574253,0.01323938741862996,0.01285712505574253,0.01177511635382234,0.01016979818326294,0.008282344542177855,0.006359818121406447,0.004603975215163501,0.002217319649637031,0.001477053317493005,0,0,0,0,0,0,0,0,0,0.001477053317493005,0.002217319649637031,0.003126921897670497,0.004142498471769416,0.007304522540393012,0.00925348076517964,0.01116933822460721,0.01285712505574253,0.01412078939580145,0.01479696904504735,0.01478702015896277,0.01407983571099353,0.01275851941212591,0.01098698898319087,0.008978149003979474,0.00602729971149352,0.006698744411177881,0.006452362107372238,0.006698744411177881,0.00602729971149352,0.007501095686486469,0.009884607671846795,0.01345441809215549,0.01552384277359854,0.01730816392741813,0.0186884862221124,0.01955183588826517,0.01979377600987581,0.019336664674255,0.01816032525773868,0.01816856447949595,0.01542068539993704,0.01451953476122202,0.01354304683668919,0.01263939234222871,0.01184221507846555,0.01038744182438087,0.008499854973448386,0.00823834192849522,0.007501095686486469,0.006416027145122064,0.005946032313227377,0.005078362860212994,0.006271442124995243,0.006815041092817852,0.006651016066383209,0.008381603698193477,0.009959293856328173,0.0111568377567844,0.01178160863970133,0.01172603602713451,0.01099784081781338,0.009718415336123502,0.008089747826936486,0.006342268327655302,0.004682126845785069,0.002759498889318159,0.001838222553862663,0,0
0.01275851941212591,0.01212985910556027,0.01116933822460721,0.009993613929656907,0.008698689355713466,0.007357131445516763,0.004549644515292227,0.006040617072950704,0.006353102951356616,0.006909968995980537,0.007701020393307942,0.008616034024779432,0.008769669333553833,0.009631597514455409,0.009937337239224112,0.01110865083194841,0.01098698898319087,0.01062801758415697,0.01016979818326294,0.009705067159799585,0.00925348076517964,0.008768793605200633,0.00682982534424901,0.006619693709314979,0.00602729971149352,0.005155422644507358,0.005980721025632079,0.005886420786988656,0.007223775164995044,0.008306196643814785,0.008776351625810374,0.01062801758415697,0.01212985910556027,0.01304949948874061,0.01323514889332367,0.01265651833099383,0.01141283410995052,0.009705067159799585,0.0077830343541301,0.005886420786988656,0.004198547034550972,0.001673720681814422,0.001114938338292962,0,0,0,0,0,0,0,0,0,0.001838222553862663,0.002759498889318159,0.00389151717706505,0.005155422644507358,0.008254249698984726,0.01026059457580463,0.01212985910556027,0.01365527761795574,0.01465436907361728,0.01500219137297294,0.01465436907361728,0.01365527761795574,0.01212985910556027,0.01026059457580463,0.008254249698984726,0.005155422644507358,0.00625184165775336,0.006302765600524268,0.006835029518691116,0.006619693709314979,0.00823834192849522,0.01042220718317543,0.01412541059138842,0.01613101721708797,0.01779236704201765,0.01901079011308855,0.01970286491067656,0.0197945579349765,0.01923078946267855,0.01800056324647965,0.01831384585781225,0.01561727745745969,0.01500530609342448,0.01432071410262292,0.01368474833446287,0.01310354571347996,0.01199192199514372,0.009937337239224112,0.009631597514455409,0.008769669333553833,0.007501095686486469,0.007142238049786483,0.006223365197106649,0.007063558851867434,0.007493341443193182,0.007018439074735547,0.008692142987061642,0.01015222960933581,0.01118272235600088,0.01161650067414343,0.01137946985954124,0.01051121088638003,0.009154221609164017,0.007515747125195668,0.005816219153583838,0.004241860235963459,0.002217319649637031,0.001477053317493005,0,0
0.01407983571099353,0.01365527761795574,0.01285712505574253,0.01177511635382234,0.01048556741454694,0.009054942931823885,0.00602729971149352,0.006993645198370021,0.006901997361087575,0.007018439074735547,0.007372742294144389,0.007893080462615068,0.007501095686486469,0.00823834192849522,0.008499854973448386,0.009353280266788182,0.009174816368300892,0.008776351625810374,0.008282344542177855,0.0077830343541301,0.007309143404610386,0.006835029518691116,0.005155422644507358,0.004996806964828454,0.004549644515292227,0.00389151717706505,0.005276021793556151,0.005586505534374429,0.007013974865826668,0.008329083732934426,0.009174816368300892,0.01098698898319087,0.01239109640377357,0.01316351829291023,0.01317486422566152,0.01242541140385176,0.01104436239769258,0.00925348076517964,0.007309143404610386,0.00544350070332315,0.003822820577700076,0.001186845683147944,0.0007906096687200192,0,0,0,0,0,0,0,0,0,0.002149099895885654,0.003226181053686119,0.004549644515292227,0.00602729971149352,0.008978149003979474,0.01098698898319087,0.01275851941212591,0.01407983571099353,0.01478702015896277,0.01479696904504735,0.01412078939580145,0.01285712505574253,0.01116933822460721,0.00925348076517964,0.007304522540393012,0.004142498471769416,0.005562171120179404,0.005873061719934961,0.006632475962000363,0.00682982534424901,0.008499854973448386,0.01046399681860235,0.01413988871529636,0.01603115872882106,0.0175465057860678,0.01860538513733578,0.01914880984278242,0.01912748706416143,0.0185047016910837,0.01727654487121641,0.01785870342315031,0.01531882650429288,0.01497371525576984,0.01456445739185695,0.0141843742417226,0.01381399916413158,0.01301348965006107,0.01091402982406744,0.01057824042755217,0.009631597514455409,0.00823834192849522,0.008096747026807984,0.007214126614465485,0.007785126947169568,0.008176543634272147,0.007515747125195668,0.009154221609164017,0.01051121088638003,0.01137946985954124,0.01161650067414343,0.01118272235600088,0.01015222960933581,0.008692142987061642,0.007018439074735547,0.005344241547307529,0.003837377798181314,0.001673720681814422,0.001114938338292962,0,0
0.01478702015896277,0.01465436907361728,0.01412078939580145,0.01323514889332367,0.01204312168465449,0.01059866640918353,0.007501095686486469,0.007893080462615068,0.007372742294144389,0.007018439074735547,0.006901997361087575,0.006993645198370021,0.00602729971149352,0.006619693709314979,0.00682982534424901,0.007410303378034997,0.007214145394641464,0.00682914332632178,0.006359818121406447,0.005886420786988656,0.00544350070332315,0.005020320028699113,0.003655742070297929,0.003543266711206109,0.003226181053686119,0.002759498889318159,0.004577644130325341,0.00521698739302053,0.00671031222735464,0.008200913046755017,0.009353280266788182,0.01110865083194841,0.01241646298141483,0.01306312971995309,0.01293856490824048,0.01206684673696432,0.01059866640918353,0.008768793605200633,0.006835029518691116,0.005020320028699113,0.003475262818981272,0.0007906096687200192,0.000526659579378242,0,0,0,0,0,0,0,0,0,0.002360324480688309,0.003543266711206109,0.004996806964828454,0.006619693709314979,0.009353280266788182,0.01130531819626983,0.01293856490824048,0.01404095172173793,0.01446975760461722,0.01418124202974764,0.01323514889332367,0.01177511635382234,0.009993613929656907,0.008092911226498335,0.00625184165775336,0.003126921897670497,0.004720648961376619,0.00521698739302053,0.006111745303121416,0.006619693709314979,0.00823834192849522,0.009631597514455409,0.01293856490824048,0.01445729653527355,0.01557504739238062,0.01625129122377039,0.01647668385699044,0.01625129122377039,0.01557504739238062,0.01445729653527355,0.01537381413074938,0.01328733958475334,0.01339376457300258,0.01344951905356399,0.01349666193827684,0.01348060395043022,0.01327435430475575,0.01126047832023017,0.01091402982406744,0.009937337239224112,0.008499854973448386,0.008668047898111672,0.007914921533825517,0.008337868916082999,0.008777517550164208,0.008089747826936486,0.009718415336123502,0.01099784081781338,0.01172603602713451,0.01178160863970133,0.0111568377567844,0.009959293856328173,0.008381603698193477,0.006651016066383209,0.00497681853895519,0.003511943235677085,0.001186845683147944,0.0007906096687200192,0,0
0.01479696904504735,0.01500219137297294,0.01479696904504735,0.01418124202974764,0.01316351829291023,0.01178069741034106,0.008769669333553833,0.008616034024779432,0.007701020393307942,0.006909968995980537,0.006353102951356616,0.006040617072950704,0.004549644515292227,0.004996806964828454,0.005155422644507358,0.005523466544206696,0.005340254184012246,0.005006455515358012,0.004603975215163501,0.004198547034550972,0.003822820577700076,0.003475262818981272,0.002435249222508907,0.002360324480688309,0.002149099895885654,0.001838222553862663,0.004438962119380154,0.005561290077310911,0.007060970651520339,0.008833538241120258,0.01033807752731105,0.01208643713510977,0.01327435430475575,0.01369572754273907,0.01327435430475575,0.01208643713510977,0.01033807752731105,0.008306878661742016,0.00627036098280032,0.004446351739017949,0.002961908801887149,0.000526659579378242,0.0007906096687200192,0.001114938338292962,0.001477053317493005,0.001838222553862663,0.002149099895885654,0.002360324480688309,0.002435249222508907,0.002360324480688309,0.002149099895885654,0.001838222553862663,0.003912302540001912,0.004770680408590891,0.005946032313227377,0.007356484923627252,0.009290464642168405,0.01112418292237206,0.01258775050588186,0.0134777979698672,0.01367352871338559,0.01316351829291023,0.01204312168465449,0.01048556741454694,0.008698689355713466,0.006881923123984049,0.005194748111827066,0.002217319649637031,0.003822820577700076,0.004413026736834063,0.005340254184012246,0.00602729971149352,0.007501095686486469,0.008769669333553833,0.01178069741034106,0.01316351829291023,0.01418124202974764,0.0153236286244256,0.01579280104169296,0.01591190738334031,0.01565829534724064,0.01500174084677289,0.01629012178691503,0.01467326052544825,0.01493315187382383,0.01500731790149681,0.0149370863396731,0.01469600112200419,0.01420439364093082,0.0120289681623604,0.01136885009627219,0.01015825709383365,0.00823834192849522,0.008768793605200633,0.008222988018514572,0.008619570805876577,0.009178233860901849,0.008616034024779432,0.01024672265104684,0.01146982006831807,0.01208643713510977,0.01199192199514372,0.01120491855606274,0.009861420167174778,0.008176399607379174,0.006387867069154889,0.004703234371179124,0.003264038234178617,0.0007906096687200192,0.000526659579378242,0,0
0.01412078939580145,0.01465436907361728,0.01478702015896277,0.01446975760461722,0.01367352871338559,0.01241646298141483,0.009631597514455409,0.009028951597215239,0.007806539392462923,0.006670527646642875,0.00576058636084314,0.005119823370006468,0.003226181053686119,0.003543266711206109,0.003655742070297929,0.003543266711206109,0.003226181053686119,0.002759498889318159,0.002217319649637031,0.001673720681814422,0.001186845683147944,0.0007906096687200192,0,0,0,0,0.003150934149408329,0.004730112394354053,0.006670527646642875,0.00883701335895201,0.01099784081781338,0.01285777856814153,0.01412150713875827,0.01456977189436537,0.01412150713875827,0.01285777856814153,0.01099784081781338,0.00883701335895201,0.006670527646642875,0.004730112394354053,0.003150934149408329,0.0007906096687200192,0.001186845683147944,0.001673720681814422,0.002217319649637031,0.002759498889318159,0.003226181053686119,0.003543266711206109,0.003655742070297929,0.003543266711206109,0.003226181053686119,0.002759498889318159,0.004577644130325341,0.005743646972398772,0.006974262316696417,0.00852524171632796,0.01024205482536647,0.01226042973703809,0.01384227866173078,0.01475140762224875,0.01485171220392374,0.01414102189102937,0.01274776630506918,0.01089316548568655,0.008834184763009768,0.006807304945384725,0.004989156703270991,0.002003712896871247,0.002953160892155625,0.003550108558038178,0.004418176756443292,0.005155422644507358,0.006416027145122064,0.007501095686486469,0.01007656448235788,0.01125935386276654,0.01212985910556027,0.01344712799971385,0.01401889997339207,0.01433023901280825,0.0143471787551973,0.0140188527520847,0.01545184543192965,0.01427054345137869,0.01462141373071222,0.01472598906720698,0.01461879391723764,0.01428866711219015,0.0136871397179551,0.01161105792103853,0.01081844319760335,0.009560279002273853,0.007501095686486469,0.008387624192181829,0.008092911226498335,0.008222988018514572,0.008768793605200633,0.00823834192849522,0.009631597514455409,0.01057824042755217,0.01091402982406744,0.01057824042755217,0.009631597514455409,0.00823834192849522,0.006619693709314979,0.004996806964828454,0.003543266711206109,0.002360324480688309,0,0,0,0
0.01285712505574253,0.01365527761795574,0.01407983571099353,0.01404095172173793,0.0134777979698672,0.01239108314156044,0.009937337239224112,0.009026514552826628,0.007620435012969029,0.00627036098280032,0.005132795387790934,0.00427347177637157,0.002675759475263896,0.003150934149408329,0.003550187560801869,0.003837377798181314,0.003987322449748316,0.003987322449748316,0.003837377798181314,0.003550187560801869,0.003150934149408329,0.002675759475263896,0.001838222553862663,0.001477053317493005,0.001114938338292962,0.0007906096687200192,0.003790697813556859,0.004899901735500541,0.006909968995980537,0.009154221609164017,0.01139261286355152,0.01331931384884606,0.01462840447928386,0.01509275988373147,0.01462840447928386,0.01331931384884606,0.01139261286355152,0.009154221609164017,0.006909968995980537,0.004899901735500541,0.003264038234178617,0.001114938338292962,0.001673720681814422,0.002360324480688309,0.003126921897670497,0.00389151717706505,0.004549644515292227,0.004996806964828454,0.005155422644507358,0.004996806964828454,0.004549644515292227,0.00389151717706505,0.005276021793556151,0.006377115203094448,0.007410210880254593,0.008815958731600905,0.009718415336123502,0.01152916822287199,0.01285777856814153,0.01348060395043022,0.01328733958475334,0.01231293604475994,0.01072727674017259,0.008786798600811678,0.006766964164929258,0.004899901735500541,0.003335945579033599,0.001317269248098261,0.002267662986213024,0.003332257987929994,0.004603975215163501,0.005980721025632079,0.007304522540393012,0.008387624192181829,0.01053199624931689,0.01140746947457435,0.01189571550287113,0.01312295907541856,0.01346161928832214,0.01364506100224421,0.01366414717337599,0.01346532175032933,0.01448461409596287,0.01378360556564013,0.01420236246607976,0.01429472808110523,0.01409259355808479,0.01360993251318855,0.01284231714365872,0.01086017945413669,0.009912062610309642,0.008616034024779432,0.006416027145122064,0.007590671867016265,0.00754725924736298,0.007914921533825517,0.008668047898111672,0.008499854973448386,0.009937337239224112,0.01091402982406744,0.01126047832023017,0.01091402982406744,0.009937337239224112,0.008499854973448386,0.00682982534424901,0.005155422644507358,0.003655742070297929,0.002435249222508907,0,0,0.000526659579378242,0.0007906096687200192
0.01116933822460721,0.01212985910556027,0.01275851941212591,0.01293856490824048,0.01258775050588186,0.01169317876584513,0.009631597514455409,0.00823834192849522,0.006619693709314979,0.004996806964828454,0.003543266711206109,0.002360324480688309,0.0007906096687200192,0.001186845683147944,0.001673720681814422,0.002217319649637031,0.002759498889318159,0.003226181053686119,0.003543266711206109,0.003655742070297929,0.003543266711206109,0.003226181053686119,0.002759498889318159,0.002217319649637031,0.001673720681814422,0.001186845683147944,0.004105885540075687,0.00497681853895519,0.007018439074735547,0.009297921116276774,0.01157144978962942,0.01352839539797999,0.0148580356378102,0.01532968031769739,0.0148580356378102,0.01352839539797999,0.01157144978962942,0.009297921116276774,0.007018439074735547,0.00497681853895519,0.003315275871355668,0.001477053317493005,0.002217319649637031,0.003126921897670497,0.004142498471769416,0.005155422644507358,0.00602729971149352,0.006619693709314979,0.00682982534424901,0.006619693709314979,0.00602729971149352,0.005155422644507358,0.005980721025632079,0.007001359125281618,0.007782557508516503,0.008992800442688673,0.009542949042792561,0.01139261286355152,0.01278798644378745,0.01349666193827684,0.01339376457300258,0.01249790265131492,0.01096567166041429,0.009046939821572408,0.007018439074735547,0.005119823370006468,0.003511943235677085,0.001905548007012982,0.002301784021440907,0.003347441363628844,0.004577644130325341,0.005886420786988656,0.007117698230751169,0.008092911226498335,0.009767487373419346,0.01037241003752789,0.01058331249920288,0.01191311861977389,0.01221767365340416,0.01247720899244764,0.01268647560043412,0.01277517563954916,0.01361609833210794,0.01338665787424424,0.01384826441898456,0.01388911407875489,0.01354304683668919,0.0128564430378153,0.01187713051937736,0.009956747241919507,0.00883701335895201,0.007504353028986525,0.005155422644507358,0.006502822952457726,0.006670188608876606,0.007214126614465485,0.008096747026807984,0.00823834192849522,0.009631597514455409,0.01057824042755217,0.01091402982406744,0.01057824042755217,0.009631597514455409,0.00823834192849522,0.006619693709314979,0.004996806964828454,0.003543266711206109,0.002360324480688309,0,0,0.0007906096687200192,0.001186845683147944
0.00925348076517964,0.01026059457580463,0.01098698898319087,0.01130531819626983,0.01112418292237206,0.01042220718317543,0.008769669333553833,0.007501095686486469,0.00602729971149352,0.004549644515292227,0.003226181053686119,0.002149099895885654,0.001114938338292962,0.001673720681814422,0.002360324480688309,0.003126921897670497,0.00389151717706505,0.004549644515292227,0.004996806964828454,0.005155422644507358,0.004996806964828454,0.004549644515292227,0.00389151717706505,0.003126921897670497,0.002360324480688309,0.001673720681814422,0.00443021420964863,0.00497681853895519,0.007018439074735547,0.009297921116276774,0.01157144978962942,0.01352839539797999,0.0148580356378102,0.01532968031769739,0.0148580356378102,0.01352839539797999,0.01157144978962942,0.009297921116276774,0.007018439074735547,0.00497681853895519,0.003315275871355668,0.001838222553862663,0.002759498889318159,0.00389151717706505,0.005155422644507358,0.006416027145122064,0.007501095686486469,0.00823834192849522,0.008499854973448386,0.00823834192849522,0.007501095686486469,0.006416027145122064,0.006632475962000363,0.007585890144195086,0.008103740436625687,0.009107642923302576,0.009297921116276774,0.01118272235600088,0.0126469934208085,0.01344951905356399,0.01344951905356399,0.0126469934208085,0.01118272235600088,0.009297921116276774,0.007269420369439913,0.005344241547307529,0.003694372967130036,0.002591991655785967,0.002464330350534441,0.003547170163836254,0.004800642579484919,0.006108836826702081,0.007309143404610386,0.008222988018514572,0.009489299024433486,0.009839394718274327,0.009766631908312756,0.01117324043425086,0.01140541856562497,0.01169534236107651,0.01204613071934231,0.0123735532368609,0.01294991040470556,0.01313824366399576,0.01361967834345485,0.01358258347580275,0.01306633354536594,0.01215251734356224,0.01094283927805583,0.009046939821572408,0.007756305854146613,0.006387867069154889,0.00389151717706505,0.005276021793556151,0.005586505534374429,0.006223365197106649,0.007142238049786483,0.007501095686486469,0.008769669333553833,0.009631597514455409,0.009937337239224112,0.009631597514455409,0.008769669333553833,0.007501095686486469,0.00602729971149352,0.004549644515292227,0.003226181053686119,0.002149099895885654,0,0,0.001114938338292962,0.001673720681814422
0.008419460878685975,0.009044859367704746,0.009504808583357716,0.009353280266788182,0.009290464642168405,0.008765001507873462,0.007501095686486469,0.006416027145122064,0.005155422644507358,0.00389151717706505,0.002759498889318159,0.001838222553862663,0.001477053317493005,0.002217319649637031,0.003126921897670497,0.004142498471769416,0.005155422644507358,0.00602729971149352,0.006619693709314979,0.00682982534424901,0.006619693709314979,0.00602729971149352,0.005155422644507358,0.004142498471769416,0.003126921897670497,0.002217319649637031,0.004741091551671621,0.004899901735500541,0.006909968995980537,0.009154221609164017,0.01139261286355152,0.01331931384884606,0.01462840447928386,0.01509275988373147,0.01462840447928386,0.01331931384884606,0.01139261286355152,0.009154221609164017,0.006909968995980537,0.004899901735500541,0.003264038234178617,0.002149099895885654,0.003226181053686119,0.004549644515292227,0.00602729971149352,0.007501095686486469,0.008769669333553833,0.009631597514455409,0.009937337239224112,0.009631597514455409,0.008769669333553833,0.007501095686486469,0.007142238049786483,0.008061587750969311,0.008346004423692587,0.009167538970621201,0.009046939821572408,0.01096567166041429,0.01249790265131492,0.01339376457300258,0.01349666193827684,0.01278798644378745,0.01139261286355152,0.009542949042792561,0.007515747125195668,0.005565237858879472,0.003874437227611121,0.003315275871355668,0.002743979229015273,0.003917531566390516,0.005257436810062378,0.006632475962000363,0.007865522265356183,0.008768793605200633,0.009716809404315562,0.009845552600543905,0.009502562530474792,0.01093067575377167,0.01104512463318086,0.01130271962634138,0.01171988218011182,0.0122040078952084,0.0124472630623404,0.01296754309348901,0.0134492804749012,0.01332597048158544,0.01264410656116495,0.01151788640889261,0.01009722600207787,0.008205386585590157,0.006769447764892227,0.005375280949571773,0.002759498889318159,0.004055542203499694,0.004433219571132581,0.005078362860212994,0.005946032313227377,0.006416027145122064,0.007501095686486469,0.00823834192849522,0.008499854973448386,0.00823834192849522,0.007501095686486469,0.006416027145122064,0.005155422644507358,0.00389151717706505,0.002759498889318159,0.001838222553862663,0,0,0.001477053317493005,0.002217319649637031
0.005816219153583838,0.006342268327655302,0.006817909380213539,0.006619693709314979,0.00682982534424901,0.006619693709314979,0.00602729971149352,0.005155422644507358,0.004142498471769416,0.003126921897670497,0.002217319649637031,0.001477053317493005,0.001838222553862663,0.002759498889318159,0.00389151717706505,0.005155422644507358,0.006416027145122064,0.007501095686486469,0.00823834192849522,0.008499854973448386,0.00823834192849522,0.007501095686486469,0.006416027145122064,0.005155422644507358,0.00389151717706505,0.002759498889318159,0.004989156703270991,0.004730112394354053,0.006670527646642875,0.00883701335895201,0.01099784081781338,0.01285777856814153,0.01412150713875827,0.01456977189436537,0.01412150713875827,0.01285777856814153,0.01099784081781338,0.00883701335895201,0.006670527646642875,0.004730112394354053,0.003150934149408329,0.002360324480688309,0.003543266711206109,0.004996806964828454,0.006619693709314979,0.00823834192849522,0.009631597514455409,0.01057824042755217,0.01091402982406744,0.01057824042755217,0.009631597514455409,0.00823834192849522,0.007410303378034997,0.008332752543862051,0.008443168446706648,0.009127288645617567,0.008786798600811678,0.01072727674017259,0.01231293604475994,0.01328733958475334,0.01348060395043022,0.01285777856814153,0.01152916822287199,0.009718415336123502,0.007701020393307942,0.005736490198440171,0.004016790722406138,0.003987322449748316,0.002759498889318159,0.00389151717706505,0.005155422644507358,0.006416027145122064,0.007501095686486469,0.00823834192849522,0.008499854973448386,0.00823834192849522,0.007501095686486469,0.008776351625810374,0.008698689355713466,0.008888324141893503,0.009379192598633138,0.01007656448235788,0.01015825709383365,0.01136885009627219,0.0120289681623604,0.01205529374504517,0.01146982006831807,0.01038744182438087,0.008980018190003288,0.00743205618733736,0.005903591191894418,0.004509424376573964,0.001838222553862663,0.00295410663498601,0.003332257987929994,0.003917531566390516,0.004669158051147658,0.005155422644507358,0.00602729971149352,0.006619693709314979,0.00682982534424901,0.006619693709314979,0.00602729971149352,0.005155422644507358,0.004142498471769416,0.003126921897670497,0.002217319649637031,0.001477053317493005,0,0,0.001838222553862663,0.002759498889318159
0.005487246378358806,0.005565237858879472,0.005664582853585189,0.004996806964828454,0.005155422644507358,0.004996806964828454,0.004549644515292227,0.00389151717706505,0.003126921897670497,0.002360324480688309,0.001673720681814422,0.001114938338292962,0.002149099895885654,0.003226181053686119,0.004549644515292227,0.00602729971149352,0.007501095686486469,0.008769669333553833,0.009631597514455409,0.009937337239224112,0.009631597514455409,0.008769669333553833,0.007501095686486469,0.00602729971149352,0.004549644515292227,0.003226181053686119,0.005111008697772803,0.004446351739017949,0.00627036098280032,0.008306878661742016,0.01033807752731105,0.01208643713510977,0.01327435430475575,0.01369572754273907,0.01327435430475575,0.01208643713510977,0.01033807752731105,0.008306878661742016,0.00627036098280032,0.004446351739017949,0.002961908801887149,0.002435249222508907,0.003655742070297929,0.005155422644507358,0.00682982534424901,0.008499854973448386,0.009937337239224112,0.01091402982406744,0.01126047832023017,0.01091402982406744,0.009937337239224112,0.008499854973448386,0.007356484923627252,0.008306356793915686,0.008313947119797001,0.008909109504830365,0.00845791626317764,0.01038744182438087,0.01199192199514372,0.01301348965006107,0.01327435430475575,0.01272734032343782,0.01146982006831807,0.009715395245988225,0.007734632047607941,0.005787416633548472,0.004069926290584351,0.004509424376573964,0.003226181053686119,0.004549644515292227,0.00602729971149352,0.007501095686486469,0.008769669333553833,0.009631597514455409,0.009937337239224112,0.009631597514455409,0.008769669333553833,0.009936344908995375,0.009683041781791449,0.009705067159799585,0.01005600639793513,0.01064895486933404,0.009937337239224112,0.01091402982406744,0.01126047832023017,0.01091402982406744,0.009937337239224112,0.008499854973448386,0.00682982534424901,0.005155422644507358,0.003655742070297929,0.002435249222508907,0,0.001114938338292962,0.001673720681814422,0.002360324480688309,0.003126921897670497,0.00389151717706505,0.004549644515292227,0.004996806964828454,0.005155422644507358,0.004996806964828454,0.004549644515292227,0.00389151717706505,0.003126921897670497,0.002360324480688309,0.001673720681814422,0.001114938338292962,0,0,0.002149099895885654,0.003226181053686119
0.005344241547307529,0.00497681853895519,0.004703234371179124,0.003543266711206109,0.003655742070297929,0.004069926290584351,0.004016790722406138,0.003874437227611121,0.003694372967130036,0.003511943235677085,0.003335945579033599,0.003150934149408329,0.004795573703197217,0.005903591191894418,0.007145906860714108,0.00845791626317764,0.009715395245988225,0.01074653585274837,0.01136885009627219,0.01144068940344568,0.01057824042755217,0.009631597514455409,0.00823834192849522,0.006619693709314979,0.004996806964828454,0.003543266711206109,0.004720648961376619,0.003543266711206109,0.004996806964828454,0.006619693709314979,0.00823834192849522,0.009631597514455409,0.01057824042755217,0.01091402982406744,0.01057824042755217,0.009631597514455409,0.00823834192849522,0.006619693709314979,0.004996806964828454,0.003543266711206109,0.002360324480688309,0.002360324480688309,0.003543266711206109,0.004996806964828454,0.006619693709314979,0.00823834192849522,0.009631597514455409,0.01057824042755217,0.01091402982406744,0.01057824042755217,0.009631597514455409,0.00823834192849522,0.006619693709314979,0.00743205618733736,0.007199008781504038,0.007515747125195668,0.00682982534424901,0.008499854973448386,0.009937337239224112,0.01091402982406744,0.01126047832023017,0.01091402982406744,0.009937337239224112,0.008499854973448386,0.00682982534424901,0.005155422644507358,0.003655742070297929,0.004795573703197217,0.003543266711206109,0.004996806964828454,0.006619693709314979,0.00823834192849522,0.009631597514455409,0.01057824042755217,0.01091402982406744,0.01057824042755217,0.009631597514455409,0.01059866640918353,0.01016296042052109,0.009993613929656907,0.01016296042052109,0.01059866640918353,0.009631597514455409,0.01057824042755217,0.01091402982406744,0.01057824042755217,0.009631597514455409,0.00823834192849522,0.006619693709314979,0.004996806964828454,0.003543266711206109,0.002360324480688309,0,0.0007906096687200192,0.001186845683147944,0.001673720681814422,0.002217319649637031,0.002759498889318159,0.003226181053686119,0.003543266711206109,0.003655742070297929,0.003543266711206109,0.003226181053686119,0.002759498889318159,0.002217319649637031,0.001673720681814422,0.001186845683147944,0.0007906096687200192,0,0,0.002360324480688309,0.003543266711206109
0.005368570494558055,0.004597721443180821,0.003987322449748316,0.002360324480688309,0.002435249222508907,0.003150934149408329,0.003335945579033599,0.003511943235677085,0.003694372967130036,0.003874437227611121,0.004016790722406138,0.004069926290584351,0.006090991292806837,0.007199008781504038,0.008381603698193477,0.009589324233567169,0.01071717462308542,0.01161105792103853,0.01210087550721538,0.01205108798895019,0.01091402982406744,0.009937337239224112,0.008499854973448386,0.00682982534424901,0.005155422644507358,0.003655742070297929,0.004584349118394561,0.003226181053686119,0.004549644515292227,0.00602729971149352,0.007501095686486469,0.008769669333553833,0.009631597514455409,0.009937337239224112,0.009631597514455409,0.008769669333553833,0.007501095686486469,0.00602729971149352,0.004549644515292227,0.003226181053686119,0.002149099895885654,0.002149099895885654,0.003226181053686119,0.004549644515292227,0.00602729971149352,0.007501095686486469,0.008769669333553833,0.009631597514455409,0.009937337239224112,0.009631597514455409,0.008769669333553833,0.007501095686486469,0.00602729971149352,0.006909968995980537,0.006769447764892227,0.007145906860714108,0.006619693709314979,0.00823834192849522,0.009631597514455409,0.01057824042755217,0.01091402982406744,0.01057824042755217,0.009631597514455409,0.00823834192849522,0.006619693709314979,0.004996806964828454,0.003543266711206109,0.004795573703197217,0.003655742070297929,0.005155422644507358,0.00682982534424901,0.008499854973448386,0.009937337239224112,0.01091402982406744,0.01126047832023017,0.01091402982406744,0.009937337239224112,0.01064895486933404,0.01005600639793513,0.009705067159799585,0.009683041781791449,0.009936344908995375,0.008769669333553833,0.009631597514455409,0.009937337239224112,0.009631597514455409,0.008769669333553833,0.007501095686486469,0.00602729971149352,0.004549644515292227,0.003226181053686119,0.002149099895885654,0,0.000526659579378242,0.0007906096687200192,0.001114938338292962,0.001477053317493005,0.001838222553862663,0.002149099895885654,0.002360324480688309,0.002435249222508907,0.002360324480688309,0.002149099895885654,0.001838222553862663,0.001477053317493005,0.001114938338292962,0.0007906096687200192,0.000526659579378242,0,0,0.002435249222508907,0.003655742070297929
0.004549644515292227,0.003226181053686119,0.002149099895885654,0,0,0.001114938338292962,0.001673720681814422,0.002360324480688309,0.003126921897670497,0.00389151717706505,0.004549644515292227,0.004996806964828454,0.007515747125195668,0.008540073676034562,0.00954645148012068,0.01051121088638003,0.01136526382616572,0.01199192199514372,0.01225196110936659,0.0120289681623604,0.01057824042755217,0.009631597514455409,0.008765001507873462,0.007410303378034997,0.006111745303121416,0.005020320028699113,0.006036769588413635,0.004908598785203813,0.00625184165775336,0.007590671867016265,0.008776351625810374,0.009650195582372123,0.01007656448235788,0.00997690829094139,0.009353280266788182,0.008291705355206489,0.006942686724500306,0.005155422644507358,0.00389151717706505,0.002759498889318159,0.001838222553862663,0.001838222553862663,0.002759498889318159,0.00389151717706505,0.005155422644507358,0.006416027145122064,0.007501095686486469,0.00823834192849522,0.008499854973448386,0.00823834192849522,0.007501095686486469,0.006416027145122064,0.005155422644507358,0.006040617072950704,0.00651233952238252,0.007178476737874908,0.007142238049786483,0.008978149003979474,0.0106078918874165,0.01178069741034106,0.01229766171991242,0.01206684673696432,0.01112999381424214,0.009650195582372123,0.007865522265356183,0.006026697832785232,0.004341119391979081,0.005300034045293982,0.004069926290584351,0.004996806964828454,0.006619693709314979,0.00823834192849522,0.009631597514455409,0.01057824042755217,0.01091402982406744,0.01057824042755217,0.009631597514455409,0.01007656448235788,0.009379192598633138,0.008888324141893503,0.008698689355713466,0.008776351625810374,0.007501095686486469,0.00823834192849522,0.008499854973448386,0.00823834192849522,0.007501095686486469,0.006416027145122064,0.005155422644507358,0.00389151717706505,0.002759498889318159,0.001838222553862663,0,0,0,0,0,0,0,0,0,0,0,0,0,0,0,0,0,0,0.002360324480688309,0.003543266711206109
