0.001186845683147944,0.0007906096687200192,0,0,0,0,0,0,0,0,0,0.002435249222508907,0.003655742070297929,0.005155422644507358,0.00682982534424901,0.008499854973448386,0.009937337239224112,0.01091402982406744,0.01126047832023017,0.01091402982406744,0.009937337239224112,0.008499854973448386,0.00682982534424901,0.005155422644507358,0.003655742070297929,0.002435249222508907,0,0,0,0,0,0,0,0,0.001114938338292962,0.001673720681814422,0.002360324480688309,0.003126921897670497,0.00389151717706505,0.004549644515292227,0.004996806964828454,0.005155422644507358,0.004996806964828454,0.004549644515292227,0.00389151717706505,0.003126921897670497,0.002360324480688309,0.001673720681814422,0.001114938338292962,0,0,0,0,0,0,0,0,0,0,0,0,0,0,0,0,0,0,0,0,0,0,0,0,0,0,0,0,0,0,0,0,0,0,0,0,0,0,0,0,0,0,0,0,0,0,0,0,0,0,0,0,0,0,0,0,0,0,0,0,0,0,0.002360324480688309,0.003543266711206109,0.004996806964828454,0.006619693709314979,0.00823834192849522,0.009631597514455409,0.01057824042755217,0.01091402982406744,0.01057824042755217,0.009631597514455409,0.00823834192849522,0.006619693709314979,0.004996806964828454,0.003543266711206109,0.002360324480688309,0,0,0,0,0,0,0,0,0,0,0,0,0,0,0,0,0,0,0,0,0,0,0,0,0.0007906096687200192,0.001186845683147944,0.001673720681814422,0.002217319649637031,0.002759498889318159,0.003226181053686119,0.003543266711206109,0.003655742070297929,0.003543266711206109,0.003226181053686119,0.002759498889318159,0.002217319649637031,0.001673720681814422,0.001186845683147944,0.0007906096687200192,0,0,0,0.001477053317493005,0.002217319649637031,0.003126921897670497,0.004142498471769416,0.005155422644507358,0.00602729971149352,0.006619693709314979,0.00682982534424901,0.006619693709314979,0.00602729971149352,0.005155422644507358,0.006577747694278322,0.006782663967968426,0.007372742294144389,0.008306878661742016,0.008499854973448386,0.009937337239224112,0.01091402982406744,0.01126047832023017,0.01091402982406744,0.009937337239224112,0.008499854973448386,0.00682982534424901,0.005155422644507358,0.003655742070297929,0.002435249222508907,0,0,0,0,0,0,0,0,0,0,0,0,0,0,0,0,0,0,0,0,0,0,0,0,0,0,0,0,0,0,0,0.002149099895885654,0.003226181053686119,0.004549644515292227,0.00602729971149352,0.007501095686486469,0.008769669333553833,0.009631597514455409,0.009937337239224112,0.009631597514455409,0.008769669333553833,0.007501095686486469,0.00602729971149352,0.004549644515292227,0.003226181053686119,0.002149099895885654,0,0,0,0,0,0,0,0,0,0,0,0,0.002149099895885654,0.003226181053686119,0.004549644515292227,0.00602729971149352
0.0007906096687200192,0.000526659579378242,0,0,0,0,0,0,0,0,0,0.002360324480688309,0.003543266711206109,0.004996806964828454,0.006619693709314979,0.00823834192849522,0.009631597514455409,0.01057824042755217,0.01091402982406744,0.01057824042755217,0.009631597514455409,0.00823834192849522,0.006619693709314979,0.004996806964828454,0.003543266711206109,0.002360324480688309,0,0,0,0.000526659579378242,0.0007906096687200192,0.001114938338292962,0.001477053317493005,0.001838222553862663,0.002939709564605673,0.003547170163836254,0.004108969904323329,0.004577644130325341,0.004908598785203813,0.005064403607548782,0.005020320028699113,0.004770680408590891,0.004333876379926127,0.003752840633064361,0.002759498889318159,0.002217319649637031,0.001673720681814422,0.001186845683147944,0.0007906096687200192,0,0,0,0,0,0,0,0,0,0,0,0,0,0,0,0,0,0,0,0,0,0,0,0,0,0,0,0,0,0,0,0,0,0,0,0,0,0,0,0,0,0,0,0,0,0,0,0,0,0,0,0,0,0,0,0,0,0,0,0,0,0,0.002435249222508907,0.003655742070297929,0.005155422644507358,0.00682982534424901,0.008499854973448386,0.009937337239224112,0.01091402982406744,0.01126047832023017,0.01091402982406744,0.009937337239224112,0.008499854973448386,0.00682982534424901,0.005155422644507358,0.003655742070297929,0.002435249222508907,0,0,0,0,0,0,0,0,0,0,0,0,0,0,0,0,0,0,0,0,0,0,0,0,0.001114938338292962,0.001673720681814422,0.002360324480688309,0.003126921897670497,0.00389151717706505,0.004549644515292227,0.004996806964828454,0.005155422644507358,0.004996806964828454,0.004549644515292227,0.00389151717706505,0.003126921897670497,0.002360324480688309,0.001673720681814422,0.001114938338292962,0,0,0,0.001838222553862663,0.002759498889318159,0.00389151717706505,0.005155422644507358,0.006416027145122064,0.007501095686486469,0.00823834192849522,0.008499854973448386,0.00823834192849522,0.007501095686486469,0.006416027145122064,0.007515747125195668,0.007434783888271158,0.007756305854146613,0.00845791626317764,0.00823834192849522,0.009631597514455409,0.01057824042755217,0.01091402982406744,0.01057824042755217,0.009631597514455409,0.00823834192849522,0.006619693709314979,0.004996806964828454,0.003543266711206109,0.002360324480688309,0,0,0,0,0,0,0,0,0,0,0,0,0,0,0,0,0,0,0,0,0,0,0,0,0,0,0,0,0,0,0,0.001838222553862663,0.002759498889318159,0.00389151717706505,0.005155422644507358,0.006416027145122064,0.007501095686486469,0.00823834192849522,0.008499854973448386,0.00823834192849522,0.007501095686486469,0.006416027145122064,0.005155422644507358,0.00389151717706505,0.002759498889318159,0.001838222553862663,0,0,0,0,0,0,0,0,0,0,0,0,0.002360324480688309,0.003543266711206109,0.004996806964828454,0.006619693709314979
0,0,0,0,0,0,0,0,0,0,0,0.002149099895885654,0.003226181053686119,0.004549644515292227,0.00602729971149352,0.007501095686486469,0.008769669333553833,0.009631597514455409,0.009937337239224112,0.009631597514455409,0.008769669333553833,0.007501095686486469,0.00602729971149352,0.004549644515292227,0.003226181053686119,0.002149099895885654,0,0,0,0.0007906096687200192,0.001186845683147944,0.001673720681814422,0.002217319649637031,0.002759498889318159,0.003752840633064361,0.004333876379926127,0.004770680408590891,0.005020320028699113,0.005064403607548782,0.004908598785203813,0.004577644130325341,0.004108969904323329,0.003547170163836254,0.002939709564605673,0.001838222553862663,0.001477053317493005,0.001114938338292962,0.0007906096687200192,0.000526659579378242,0,0,0,0,0,0,0,0,0,0,0,0,0,0,0,0,0,0,0,0,0,0,0,0,0,0,0,0,0,0,0,0,0,0,0,0,0,0,0,0,0,0,0,0,0,0,0,0,0,0,0,0,0,0,0,0,0,0,0,0,0,0,0.002360324480688309,0.003543266711206109,0.004996806964828454,0.006619693709314979,0.00823834192849522,0.009631597514455409,0.01057824042755217,0.01091402982406744,0.01057824042755217,0.009631597514455409,0.00823834192849522,0.006619693709314979,0.004996806964828454,0.003543266711206109,0.002360324480688309,0,0,0,0,0,0,0,0,0,0,0,0,0,0,0,0,0,0,0,0,0,0,0,0,0.001477053317493005,0.002217319649637031,0.003126921897670497,0.004142498471769416,0.005155422644507358,0.00602729971149352,0.006619693709314979,0.00682982534424901,0.006619693709314979,0.00602729971149352,0.005155422644507358,0.004142498471769416,0.003126921897670497,0.002217319649637031,0.001477053317493005,0,0,0,0.002149099895885654,0.003226181053686119,0.004549644515292227,0.00602729971149352,0.007501095686486469,0.008769669333553833,0.009631597514455409,0.009937337239224112,0.009631597514455409,0.008769669333553833,0.007501095686486469,0.008176399607379174,0.007775825568978345,0.007775825568978345,0.008176399607379174,0.007501095686486469,0.008769669333553833,0.009631597514455409,0.009937337239224112,0.009631597514455409,0.008769669333553833,0.007501095686486469,0.00602729971149352,0.004549644515292227,0.003226181053686119,0.002149099895885654,0,0,0,0,0,0,0,0,0,0,0,0,0,0,0,0,0,0,0,0,0,0,0,0,0,0,0,0,0,0,0,0.001477053317493005,0.002217319649637031,0.003126921897670497,0.004142498471769416,0.005155422644507358,0.00602729971149352,0.006619693709314979,0.00682982534424901,0.006619693709314979,0.00602729971149352,0.005155422644507358,0.004142498471769416,0.003126921897670497,0.002217319649637031,0.001477053317493005,0,0,0,0,0,0,0,0,0,0,0,0,0.002435249222508907,0.003655742070297929,0.005155422644507358,0.00682982534424901
0,0,0,0,0,0,0,0,0,0,0,0.001838222553862663,0.002759498889318159,0.00389151717706505,0.005155422644507358,0.006416027145122064,0.007501095686486469,0.00823834192849522,0.008499854973448386,0.00823834192849522,0.007501095686486469,0.006416027145122064,0.005155422644507358,0.00389151717706505,0.002759498889318159,0.001838222553862663,0,0,0,0.001114938338292962,0.001673720681814422,0.002360324480688309,0.003126921897670497,0.00389151717706505,0.004549644515292227,0.004996806964828454,0.005155422644507358,0.004996806964828454,0.004549644515292227,0.00389151717706505,0.003126921897670497,0.002360324480688309,0.001673720681814422,0.001114938338292962,0,0,0,0,0,0,0,0,0,0,0,0,0,0,0,0,0,0,0,0,0,0,0,0,0,0,0,0,0,0,0,0,0,0,0,0,0,0,0,0,0,0,0,0,0,0,0,0,0,0,0,0,0,0,0,0,0,0,0,0,0,0,0,0,0,0,0,0.002149099895885654,0.003226181053686119,0.004549644515292227,0.00602729971149352,0.007501095686486469,0.008769669333553833,0.009631597514455409,0.009937337239224112,0.009631597514455409,0.008769669333553833,0.007501095686486469,0.00602729971149352,0.004549644515292227,0.003226181053686119,0.002149099895885654,0,0,0,0,0,0,0,0,0,0,0,0,0,0,0,0,0,0,0,0,0,0,0,0,0.001838222553862663,0.002759498889318159,0.00389151717706505,0.005155422644507358,0.006416027145122064,0.007501095686486469,0.00823834192849522,0.008499854973448386,0.00823834192849522,0.007501095686486469,0.006416027145122064,0.005155422644507358,0.00389151717706505,0.002759498889318159,0.001838222553862663,0,0,0,0.002360324480688309,0.003543266711206109,0.004996806964828454,0.006619693709314979,0.00823834192849522,0.009631597514455409,0.01057824042755217,0.01091402982406744,0.01057824042755217,0.009631597514455409,0.00823834192849522,0.00845791626317764,0.007756305854146613,0.007434783888271158,0.007515747125195668,0.006416027145122064,0.007501095686486469,0.00823834192849522,0.008499854973448386,0.00823834192849522,0.007501095686486469,0.006416027145122064,0.005155422644507358,0.00389151717706505,0.002759498889318159,0.001838222553862663,0,0,0,0,0,0,0,0,0,0,0,0,0,0,0,0,0,0,0,0,0,0,0,0,0,0,0,0,0,0,0,0.001114938338292962,0.001673720681814422,0.002360324480688309,0.003126921897670497,0.00389151717706505,0.004549644515292227,0.004996806964828454,0.005155422644507358,0.004996806964828454,0.004549644515292227,0.00389151717706505,0.003126921897670497,0.002360324480688309,0.001673720681814422,0.001114938338292962,0,0,0,0,0,0,0,0,0,0,0,0,0.002360324480688309,0.003543266711206109,0.004996806964828454,0.006619693709314979
0.001114938338292962,0.001477053317493005,0.001838222553862663,0.002149099895885654,0.002360324480688309,0.002435249222508907,0.002360324480688309,0.002149099895885654,0.001838222553862663,0.001477053317493005,0.001114938338292962,0.002267662986213024,0.002743979229015273,0.003126921897670497,0.004142498471769416,0.005155422644507358,0.00602729971149352,0.006619693709314979,0.00682982534424901,0.006619693709314979,0.00602729971149352,0.005155422644507358,0.004142498471769416,0.003126921897670497,0.002217319649637031,0.001477053317493005,0,0,0,0.001477053317493005,0.002217319649637031,0.003126921897670497,0.004142498471769416,0.005155422644507358,0.00602729971149352,0.006619693709314979,0.00682982534424901,0.006619693709314979,0.00602729971149352,0.005155422644507358,0.004142498471769416,0.003126921897670497,0.002217319649637031,0.001477053317493005,0,0,0,0,0,0,0,0,0,0,0,0,0,0,0,0,0,0,0,0,0,0,0,0,0,0,0,0,0,0,0,0,0,0,0,0,0,0,0,0,0,0,0,0,0,0,0,0,0,0,0,0,0,0,0,0,0,0,0,0,0,0,0,0,0,0,0,0.001838222553862663,0.002759498889318159,0.00389151717706505,0.005155422644507358,0.006416027145122064,0.007501095686486469,0.00823834192849522,0.008499854973448386,0.00823834192849522,0.007501095686486469,0.006416027145122064,0.005155422644507358,0.00389151717706505,0.002759498889318159,0.001838222553862663,0,0,0,0,0,0,0,0,0,0,0,0,0,0,0,0,0,0,0,0,0,0,0,0,0.002149099895885654,0.003226181053686119,0.004549644515292227,0.00602729971149352,0.007501095686486469,0.008769669333553833,0.009631597514455409,0.009937337239224112,0.009631597514455409,0.008769669333553833,0.007501095686486469,0.00602729971149352,0.004549644515292227,0.003226181053686119,0.002149099895885654,0,0,0,0.002435249222508907,0.003655742070297929,0.005155422644507358,0.00682982534424901,0.008499854973448386,0.009937337239224112,0.01091402982406744,0.01126047832023017,0.01091402982406744,0.009937337239224112,0.008499854973448386,0.008306878661742016,0.007372742294144389,0.006782663967968426,0.006577747694278322,0.005155422644507358,0.00602729971149352,0.006619693709314979,0.00682982534424901,0.006619693709314979,0.00602729971149352,0.005155422644507358,0.004142498471769416,0.003126921897670497,0.002217319649637031,0.001477053317493005,0,0,0,0,0,0,0,0,0,0,0,0,0,0,0,0,0,0,0,0,0,0,0,0,0,0,0,0,0,0,0,0.0007906096687200192,0.001186845683147944,0.001673720681814422,0.002217319649637031,0.002759498889318159,0.003226181053686119,0.003543266711206109,0.003655742070297929,0.003543266711206109,0.003226181053686119,0.002759498889318159,0.002743979229015273,0.002464330350534441,0.002301784021440907,0.002267662986213024,0.001838222553862663,0.002149099895885654,0.002360324480688309,0.002435249222508907,0.002360324480688309,0.002149099895885654,0.001838222553862663,0.001477053317493005,0.001114938338292962,0.0007906096687200192,0.000526659579378242,0,0.002149099895885654,0.003226181053686119,0.004549644515292227,0.00602729971149352
0.001673720681814422,0.002217319649637031,0.002759498889318159,0.003226181053686119,0.003543266711206109,0.003655742070297929,0.003543266711206109,0.003226181053686119,0.002759498889318159,0.002217319649637031,0.001673720681814422,0.002301784021440907,0.002464330350534441,0.002360324480688309,0.003126921897670497,0.00389151717706505,0.004549644515292227,0.004996806964828454,0.005155422644507358,0.004996806964828454,0.004549644515292227,0.00389151717706505,0.003126921897670497,0.002360324480688309,0.001673720681814422,0.001114938338292962,0,0,0,0.001838222553862663,0.002759498889318159,0.00389151717706505,0.005155422644507358,0.006416027145122064,0.007501095686486469,0.00823834192849522,0.008499854973448386,0.00823834192849522,0.007501095686486469,0.006416027145122064,0.005155422644507358,0.00389151717706505,0.002759498889318159,0.001838222553862663,0,0,0,0,0,0,0,0,0,0,0,0,0,0,0,0,0,0,0,0,0,0,0,0,0,0,0,0,0,0,0,0,0,0,0,0,0,0,0,0,0,0,0,0,0,0,0,0,0,0,0,0,0,0,0,0,0,0,0,0,0,0,0,0,0,0,0,0.001477053317493005,0.002217319649637031,0.003126921897670497,0.004142498471769416,0.005155422644507358,0.00602729971149352,0.006619693709314979,0.00682982534424901,0.006619693709314979,0.00602729971149352,0.005155422644507358,0.004142498471769416,0.003126921897670497,0.002217319649637031,0.001477053317493005,0,0,0,0,0,0,0,0,0,0,0,0,0,0,0,0,0,0,0,0,0,0,0,0,0.002360324480688309,0.003543266711206109,0.004996806964828454,0.006619693709314979,0.00823834192849522,0.009631597514455409,0.01057824042755217,0.01091402982406744,0.01057824042755217,0.009631597514455409,0.00823834192849522,0.006619693709314979,0.004996806964828454,0.003543266711206109,0.002360324480688309,0,0,0,0.002360324480688309,0.003543266711206109,0.004996806964828454,0.006619693709314979,0.00823834192849522,0.009631597514455409,0.01057824042755217,0.01091402982406744,0.01057824042755217,0.009631597514455409,0.00823834192849522,0.007734632047607941,0.006670527646642875,0.005903591191894418,0.005487246378358806,0.00389151717706505,0.004549644515292227,0.004996806964828454,0.005155422644507358,0.004996806964828454,0.004549644515292227,0.00389151717706505,0.003126921897670497,0.002360324480688309,0.001673720681814422,0.001114938338292962,0,0,0,0,0,0,0,0,0,0,0,0,0,0,0,0,0,0,0,0,0,0,0,0,0,0,0,0,0,0,0,0.000526659579378242,0.0007906096687200192,0.001114938338292962,0.001477053317493005,0.001838222553862663,0.002149099895885654,0.002360324480688309,0.002435249222508907,0.002360324480688309,0.002149099895885654,0.001838222553862663,0.002267662986213024,0.002301784021440907,0.002464330350534441,0.002743979229015273,0.002759498889318159,0.003226181053686119,0.003543266711206109,0.003655742070297929,0.003543266711206109,0.003226181053686119,0.002759498889318159,0.002217319649637031,0.001673720681814422,0.001186845683147944,0.0007906096687200192,0,0.001838222553862663,0.002759498889318159,0.00389151717706505,0.005155422644507358
0.002360324480688309,0.003126921897670497,0.00389151717706505,0.004549644515292227,0.004996806964828454,0.005155422644507358,0.004996806964828454,0.004549644515292227,0.00389151717706505,0.003126921897670497,0.002360324480688309,0.002464330350534441,0.002301784021440907,0.001673720681814422,0.002217319649637031,0.002759498889318159,0.003226181053686119,0.003543266711206109,0.003655742070297929,0.003543266711206109,0.003226181053686119,0.002759498889318159,0.002217319649637031,0.001673720681814422,0.001186845683147944,0.0007906096687200192,0,0,0,0.002149099895885654,0.003226181053686119,0.004549644515292227,0.00602729971149352,0.007501095686486469,0.008769669333553833,0.009631597514455409,0.009937337239224112,0.009631597514455409,0.008769669333553833,0.007501095686486469,0.00602729971149352,0.004549644515292227,0.003226181053686119,0.002149099895885654,0,0,0,0,0,0,0,0,0,0,0,0,0,0,0,0,0,0,0,0,0,0,0,0,0,0,0,0,0,0,0,0,0,0,0,0,0,0,0,0,0,0,0,0,0,0,0,0,0,0,0,0,0,0,0,0,0,0,0,0,0,0,0,0,0,0,0,0.001114938338292962,0.001673720681814422,0.002360324480688309,0.003126921897670497,0.00389151717706505,0.004549644515292227,0.004996806964828454,0.005155422644507358,0.004996806964828454,0.004549644515292227,0.00389151717706505,0.003126921897670497,0.002360324480688309,0.001673720681814422,0.001114938338292962,0,0,0,0,0,0,0,0,0,0,0,0,0,0,0,0,0,0,0,0,0,0,0,0,0.002435249222508907,0.003655742070297929,0.005155422644507358,0.00682982534424901,0.008499854973448386,0.009937337239224112,0.01091402982406744,0.01126047832023017,0.01091402982406744,0.009937337239224112,0.008499854973448386,0.00682982534424901,0.005155422644507358,0.003655742070297929,0.002435249222508907,0,0,0,0.002149099895885654,0.003226181053686119,0.004549644515292227,0.00602729971149352,0.007501095686486469,0.008769669333553833,0.009631597514455409,0.009937337239224112,0.009631597514455409,0.008769669333553833,0.007501095686486469,0.006817909380213539,0.005736490198440171,0.004899901735500541,0.004366419545522686,0.002759498889318159,0.003226181053686119,0.003543266711206109,0.003655742070297929,0.003543266711206109,0.003226181053686119,0.002759498889318159,0.002217319649637031,0.001673720681814422,0.001186845683147944,0.0007906096687200192,0,0,0,0,0,0,0,0,0,0,0,0,0,0,0,0,0,0,0,0,0,0,0,0,0,0,0,0,0,0,0,0,0,0,0,0,0,0,0,0,0,0,0.001114938338292962,0.001673720681814422,0.002360324480688309,0.003126921897670497,0.00389151717706505,0.004549644515292227,0.004996806964828454,0.005155422644507358,0.004996806964828454,0.004549644515292227,0.00389151717706505,0.003126921897670497,0.002360324480688309,0.001673720681814422,0.001114938338292962,0,0.001477053317493005,0.002217319649637031,0.003126921897670497,0.004142498471769416
0.003126921897670497,0.004142498471769416,0.005155422644507358,0.00602729971149352,0.006619693709314979,0.00682982534424901,0.006619693709314979,0.00602729971149352,0.005155422644507358,0.004142498471769416,0.003126921897670497,0.002743979229015273,0.002267662986213024,0.001114938338292962,0.001477053317493005,0.001838222553862663,0.002149099895885654,0.002360324480688309,0.002435249222508907,0.002360324480688309,0.002149099895885654,0.001838222553862663,0.001477053317493005,0.001114938338292962,0.0007906096687200192,0.000526659579378242,0,0,0,0.002360324480688309,0.003543266711206109,0.004996806964828454,0.006619693709314979,0.00823834192849522,0.009631597514455409,0.01057824042755217,0.01091402982406744,0.01057824042755217,0.009631597514455409,0.00823834192849522,0.006619693709314979,0.004996806964828454,0.003543266711206109,0.002360324480688309,0,0,0,0,0,0,0,0,0,0,0,0,0,0,0,0,0,0,0,0,0,0,0,0,0,0,0,0,0,0,0,0,0,0,0,0,0,0,0,0,0,0,0,0,0,0,0,0,0,0,0,0,0,0,0,0,0,0,0,0,0,0,0,0,0,0,0,0.0007906096687200192,0.001186845683147944,0.001673720681814422,0.002217319649637031,0.002759498889318159,0.003226181053686119,0.003543266711206109,0.003655742070297929,0.003543266711206109,0.003226181053686119,0.002759498889318159,0.002217319649637031,0.001673720681814422,0.001186845683147944,0.0007906096687200192,0,0,0,0,0,0,0,0,0,0,0,0,0,0,0,0,0,0,0,0,0,0,0,0,0.002360324480688309,0.003543266711206109,0.004996806964828454,0.006619693709314979,0.00823834192849522,0.009631597514455409,0.01057824042755217,0.01091402982406744,0.01057824042755217,0.009631597514455409,0.00823834192849522,0.006619693709314979,0.004996806964828454,0.003543266711206109,0.002360324480688309,0,0,0,0.001838222553862663,0.002759498889318159,0.00389151717706505,0.005155422644507358,0.006416027145122064,0.007501095686486469,0.00823834192849522,0.008499854973448386,0.00823834192849522,0.007501095686486469,0.006416027145122064,0.0056820822238856,0.004682126845785069,0.003874437227611121,0.003315275871355668,0.001838222553862663,0.002149099895885654,0.002360324480688309,0.002435249222508907,0.002360324480688309,0.002149099895885654,0.001838222553862663,0.001477053317493005,0.001114938338292962,0.0007906096687200192,0.000526659579378242,0,0,0,0,0,0,0,0,0,0,0,0,0,0,0,0,0,0,0,0,0,0,0,0,0,0,0,0,0,0,0,0,0,0,0,0,0,0,0,0,0,0,0.001477053317493005,0.002217319649637031,0.003126921897670497,0.004142498471769416,0.005155422644507358,0.00602729971149352,0.006619693709314979,0.00682982534424901,0.006619693709314979,0.00602729971149352,0.005155422644507358,0.004142498471769416,0.003126921897670497,0.002217319649637031,0.001477053317493005,0,0.001114938338292962,0.001673720681814422,0.002360324480688309,0.003126921897670497
0.00389151717706505,0.005155422644507358,0.006416027145122064,0.007501095686486469,0.00823834192849522,0.008499854973448386,0.00823834192849522,0.007501095686486469,0.006416027145122064,0.005155422644507358,0.00389151717706505,0.002759498889318159,0.001838222553862663,0,0,0,0,0,0,0,0,0,0,0,0,0,0,0,0,0.002435249222508907,0.003655742070297929,0.005155422644507358,0.00682982534424901,0.008499854973448386,0.009937337239224112,0.01091402982406744,0.01126047832023017,0.01091402982406744,0.009937337239224112,0.008499854973448386,0.00682982534424901,0.005155422644507358,0.003655742070297929,0.002435249222508907,0,0,0,0,0,0,0,0,0,0,0,0,0,0,0,0,0,0,0,0,0,0,0,0,0,0,0,0,0,0,0,0,0,0,0,0,0,0,0,0,0,0,0,0,0,0,0,0,0,0,0,0,0,0,0,0,0,0,0,0,0,0,0,0,0,0,0,0.000526659579378242,0.0007906096687200192,0.001114938338292962,0.001477053317493005,0.001838222553862663,0.002149099895885654,0.002360324480688309,0.002435249222508907,0.002360324480688309,0.002149099895885654,0.001838222553862663,0.001477053317493005,0.001114938338292962,0.0007906096687200192,0.000526659579378242,0,0,0,0,0,0.000526659579378242,0.0007906096687200192,0.001114938338292962,0.001477053317493005,0.001838222553862663,0.002149099895885654,0.002360324480688309,0.002435249222508907,0.002360324480688309,0.002149099895885654,0.001838222553862663,0.001477053317493005,0.001114938338292962,0.0007906096687200192,0.000526659579378242,0,0,0,0,0.002149099895885654,0.003226181053686119,0.004549644515292227,0.00602729971149352,0.007501095686486469,0.008769669333553833,0.009631597514455409,0.009937337239224112,0.009631597514455409,0.008769669333553833,0.007501095686486469,0.00602729971149352,0.004549644515292227,0.003226181053686119,0.002149099895885654,0,0,0,0.001477053317493005,0.002217319649637031,0.003126921897670497,0.004142498471769416,0.005155422644507358,0.00602729971149352,0.006619693709314979,0.00682982534424901,0.006619693709314979,0.00602729971149352,0.005155422644507358,0.004142498471769416,0.003126921897670497,0.002217319649637031,0.001477053317493005,0,0,0,0,0,0,0,0,0,0,0,0,0,0,0,0,0,0,0,0,0,0,0,0,0,0,0,0,0,0,0,0,0,0,0,0,0,0,0,0,0,0,0,0,0,0,0,0,0,0,0,0,0,0.001838222553862663,0.002759498889318159,0.00389151717706505,0.005155422644507358,0.006416027145122064,0.007501095686486469,0.00823834192849522,0.008499854973448386,0.00823834192849522,0.007501095686486469,0.006416027145122064,0.005155422644507358,0.00389151717706505,0.002759498889318159,0.001838222553862663,0,0.0007906096687200192,0.001186845683147944,0.001673720681814422,0.002217319649637031
0.004549644515292227,0.00602729971149352,0.007501095686486469,0.008769669333553833,0.009631597514455409,0.009937337239224112,0.009631597514455409,0.008769669333553833,0.007501095686486469,0.00602729971149352,0.004549644515292227,0.003226181053686119,0.002149099895885654,0,0,0,0,0,0,0,0,0,0,0,0,0,0,0,0,0.002360324480688309,0.003543266711206109,0.004996806964828454,0.006619693709314979,0.00823834192849522,0.009631597514455409,0.01057824042755217,0.01091402982406744,0.01057824042755217,0.009631597514455409,0.00823834192849522,0.006619693709314979,0.004996806964828454,0.003543266711206109,0.002360324480688309,0,0,0,0,0,0,0,0,0,0,0,0,0,0,0,0,0,0,0,0,0,0,0,0,0,0,0,0,0,0,0,0,0,0,0,0,0,0,0,0,0,0,0,0,0,0,0,0,0,0,0,0,0,0,0,0,0,0,0,0,0,0,0,0,0,0,0,0,0,0,0,0,0,0,0,0,0,0,0,0,0,0,0,0,0,0,0,0.0007906096687200192,0.001186845683147944,0.001673720681814422,0.002217319649637031,0.002759498889318159,0.003226181053686119,0.003543266711206109,0.003655742070297929,0.003543266711206109,0.003226181053686119,0.002759498889318159,0.002217319649637031,0.001673720681814422,0.001186845683147944,0.0007906096687200192,0,0,0,0,0.001838222553862663,0.002759498889318159,0.00389151717706505,0.005155422644507358,0.006416027145122064,0.007501095686486469,0.00823834192849522,0.008499854973448386,0.00823834192849522,0.007501095686486469,0.006416027145122064,0.005155422644507358,0.00389151717706505,0.002759498889318159,0.001838222553862663,0,0,0,0.001114938338292962,0.001673720681814422,0.002360324480688309,0.003126921897670497,0.00389151717706505,0.004549644515292227,0.004996806964828454,0.005155422644507358,0.004996806964828454,0.004549644515292227,0.00389151717706505,0.003126921897670497,0.002360324480688309,0.001673720681814422,0.001114938338292962,0,0,0,0,0,0,0,0,0,0,0,0,0,0,0,0,0,0,0,0,0,0,0,0,0,0,0,0,0,0,0,0,0,0,0,0,0,0,0,0,0,0,0,0,0,0,0,0,0,0,0,0,0,0.002149099895885654,0.003226181053686119,0.004549644515292227,0.00602729971149352,0.007501095686486469,0.008769669333553833,0.009631597514455409,0.009937337239224112,0.009631597514455409,0.008769669333553833,0.007501095686486469,0.00602729971149352,0.004549644515292227,0.003226181053686119,0.002149099895885654,0,0.000526659579378242,0.0007906096687200192,0.001114938338292962,0.001477053317493005
0.004996806964828454,0.006619693709314979,0.00823834192849522,0.009631597514455409,0.01057824042755217,0.01091402982406744,0.01057824042755217,0.009631597514455409,0.00823834192849522,0.006619693709314979,0.004996806964828454,0.003543266711206109,0.002360324480688309,0,0,0,0,0,0,0,0,0,0,0,0,0,0,0,0,0.002149099895885654,0.003226181053686119,0.004549644515292227,0.00602729971149352,0.007501095686486469,0.008769669333553833,0.009631597514455409,0.009937337239224112,0.009631597514455409,0.008769669333553833,0.007501095686486469,0.00602729971149352,0.004549644515292227,0.003226181053686119,0.002149099895885654,0,0,0,0,0,0,0,0,0,0,0,0,0,0,0,0,0,0,0,0,0,0,0,0,0,0,0,0,0,0,0,0,0,0,0,0,0,0,0,0,0,0,0,0,0,0,0,0,0,0,0,0,0,0,0,0,0,0,0,0,0,0,0,0,0,0,0,0,0,0,0,0,0,0,0,0,0,0,0,0,0,0,0,0,0,0,0,0.001114938338292962,0.001673720681814422,0.002360324480688309,0.003126921897670497,0.00389151717706505,0.004549644515292227,0.004996806964828454,0.005155422644507358,0.004996806964828454,0.004549644515292227,0.00389151717706505,0.003126921897670497,0.002360324480688309,0.001673720681814422,0.001114938338292962,0,0,0,0,0.001477053317493005,0.002217319649637031,0.003126921897670497,0.004142498471769416,0.005155422644507358,0.00602729971149352,0.006619693709314979,0.00682982534424901,0.006619693709314979,0.00602729971149352,0.005155422644507358,0.004142498471769416,0.003126921897670497,0.002217319649637031,0.001477053317493005,0,0,0,0.0007906096687200192,0.001186845683147944,0.001673720681814422,0.002217319649637031,0.002759498889318159,0.003226181053686119,0.003543266711206109,0.003655742070297929,0.003543266711206109,0.003226181053686119,0.002759498889318159,0.002217319649637031,0.001673720681814422,0.001186845683147944,0.0007906096687200192,0,0,0,0,0,0,0,0,0,0,0,0,0,0,0,0,0,0,0,0,0,0,0,0,0,0,0,0,0,0,0,0,0,0,0,0,0,0,0,0,0,0,0,0,0,0,0,0,0,0,0,0,0,0.002360324480688309,0.003543266711206109,0.004996806964828454,0.006619693709314979,0.00823834192849522,0.009631597514455409,0.01057824042755217,0.01091402982406744,0.01057824042755217,0.009631597514455409,0.00823834192849522,0.006619693709314979,0.004996806964828454,0.003543266711206109,0.002360324480688309,0,0,0,0,0
0.005155422644507358,0.00682982534424901,0.008499854973448386,0.009937337239224112,0.01091402982406744,0.01126047832023017,0.01091402982406744,0.009937337239224112,0.008499854973448386,0.00682982534424901,0.005155422644507358,0.003655742070297929,0.002435249222508907,0,0,0,0,0,0,0,0,0,0,0,0,0,0,0,0,0.001838222553862663,0.002759498889318159,0.00389151717706505,0.005155422644507358,0.006416027145122064,0.007501095686486469,0.00823834192849522,0.008499854973448386,0.00823834192849522,0.007501095686486469,0.006416027145122064,0.005155422644507358,0.00389151717706505,0.002759498889318159,0.001838222553862663,0,0,0,0,0,0,0,0,0.000526659579378242,0.0007906096687200192,0.001114938338292962,0.001477053317493005,0.001838222553862663,0.002149099895885654,0.002360324480688309,0.002435249222508907,0.002360324480688309,0.002149099895885654,0.001838222553862663,0.001477053317493005,0.001114938338292962,0.0007906096687200192,0.000526659579378242,0,0,0,0,0,0,0,0,0,0,0,0,0,0,0,0,0,0,0,0,0,0,0,0,0,0,0,0,0,0,0,0,0,0,0,0,0,0,0,0,0,0,0,0,0,0,0,0,0,0,0,0,0,0,0,0,0,0,0,0,0,0,0,0,0.001477053317493005,0.002217319649637031,0.003126921897670497,0.004142498471769416,0.005155422644507358,0.00602729971149352,0.006619693709314979,0.00682982534424901,0.006619693709314979,0.00602729971149352,0.005155422644507358,0.004142498471769416,0.003126921897670497,0.002217319649637031,0.001477053317493005,0,0,0,0,0.001114938338292962,0.001673720681814422,0.002360324480688309,0.003126921897670497,0.00389151717706505,0.004549644515292227,0.004996806964828454,0.005155422644507358,0.004996806964828454,0.004549644515292227,0.00389151717706505,0.003126921897670497,0.002360324480688309,0.001673720681814422,0.001114938338292962,0,0,0,0.000526659579378242,0.0007906096687200192,0.001114938338292962,0.001477053317493005,0.001838222553862663,0.002149099895885654,0.002360324480688309,0.002435249222508907,0.002360324480688309,0.002149099895885654,0.001838222553862663,0.001477053317493005,0.001114938338292962,0.0007906096687200192,0.000526659579378242,0,0,0,0,0,0,0,0,0,0,0,0,0,0,0,0,0,0,0,0,0,0,0,0,0,0,0,0,0,0,0,0,0,0,0,0,0,0,0,0,0,0,0,0,0,0,0,0,0,0,0,0,0,0.002435249222508907,0.003655742070297929,0.005155422644507358,0.00682982534424901,0.008499854973448386,0.009937337239224112,0.01091402982406744,0.01126047832023017,0.01091402982406744,0.009937337239224112,0.008499854973448386,0.00682982534424901,0.005155422644507358,0.003655742070297929,0.002435249222508907,0,0,0,0,0
0.004996806964828454,0.006619693709314979,0.00823834192849522,0.009631597514455409,0.01057824042755217,0.01091402982406744,0.01057824042755217,0.009631597514455409,0.00823834192849522,0.006619693709314979,0.004996806964828454,0.003543266711206109,0.002360324480688309,0,0,0,0,0,0,0,0,0,0,0,0,0,0,0,0,0.001477053317493005,0.002217319649637031,0.003126921897670497,0.004142498471769416,0.005155422644507358,0.00602729971149352,0.006619693709314979,0.00682982534424901,0.006619693709314979,0.00602729971149352,0.005155422644507358,0.004142498471769416,0.003126921897670497,0.002217319649637031,0.001477053317493005,0,0,0,0,0,0,0,0,0.0007906096687200192,0.001186845683147944,0.001673720681814422,0.002217319649637031,0.002759498889318159,0.003226181053686119,0.003543266711206109,0.003655742070297929,0.003543266711206109,0.003226181053686119,0.002759498889318159,0.002217319649637031,0.001673720681814422,0.001186845683147944,0.0007906096687200192,0,0,0,0,0,0,0,0,0,0,0,0,0,0,0,0,0,0,0,0,0,0,0,0,0,0,0,0,0,0,0,0,0,0,0,0,0,0,0,0,0,0,0,0,0,0,0,0,0,0,0,0,0,0,0,0,0,0,0,0,0,0,0,0,0.001838222553862663,0.002759498889318159,0.00389151717706505,0.005155422644507358,0.006416027145122064,0.007501095686486469,0.00823834192849522,0.008499854973448386,0.00823834192849522,0.007501095686486469,0.006416027145122064,0.005155422644507358,0.00389151717706505,0.002759498889318159,0.001838222553862663,0,0,0,0,0.0007906096687200192,0.001186845683147944,0.001673720681814422,0.002217319649637031,0.002759498889318159,0.003226181053686119,0.003543266711206109,0.003655742070297929,0.003543266711206109,0.003226181053686119,0.002759498889318159,0.002217319649637031,0.001673720681814422,0.001186845683147944,0.0007906096687200192,0,0,0,0,0,0,0,0,0,0,0,0,0,0,0,0,0,0,0,0,0,0,0,0,0,0,0,0,0,0,0,0,0,0,0,0,0,0,0,0,0,0,0,0,0,0,0,0,0,0,0,0,0,0,0,0,0,0,0,0,0,0,0,0,0,0,0,0,0,0,0,0.002360324480688309,0.003543266711206109,0.004996806964828454,0.006619693709314979,0.00823834192849522,0.009631597514455409,0.01057824042755217,0.01091402982406744,0.01057824042755217,0.009631597514455409,0.00823834192849522,0.006619693709314979,0.004996806964828454,0.003543266711206109,0.002360324480688309,0,0,0,0,0
0.004549644515292227,0.00602729971149352,0.007501095686486469,0.008769669333553833,0.009631597514455409,0.009937337239224112,0.009631597514455409,0.008769669333553833,0.007501095686486469,0.00602729971149352,0.004549644515292227,0.003226181053686119,0.002149099895885654,0,0,0.000526659579378242,0.0007906096687200192,0.001114938338292962,0.001477053317493005,0.001838222553862663,0.002149099895885654,0.002360324480688309,0.002435249222508907,0.002360324480688309,0.002149099895885654,0.001838222553862663,0.001477053317493005,0.001114938338292962,0.0007906096687200192,0.001641597917671204,0.001673720681814422,0.002360324480688309,0.003126921897670497,0.00389151717706505,0.004549644515292227,0.004996806964828454,0.005155422644507358,0.004996806964828454,0.004549644515292227,0.00389151717706505,0.003126921897670497,0.002360324480688309,0.001673720681814422,0.001114938338292962,0,0,0,0,0,0,0,0,0.001114938338292962,0.001673720681814422,0.002360324480688309,0.003126921897670497,0.00389151717706505,0.004549644515292227,0.004996806964828454,0.005155422644507358,0.004996806964828454,0.004549644515292227,0.00389151717706505,0.003126921897670497,0.002360324480688309,0.001673720681814422,0.001114938338292962,0,0,0,0,0,0,0,0,0,0,0,0,0,0,0,0,0,0,0,0,0,0,0,0,0,0,0,0,0,0,0,0,0,0,0,0,0,0,0,0,0,0,0,0,0,0,0,0,0,0,0,0,0,0,0,0,0,0,0,0,0,0,0,0,0.002149099895885654,0.003226181053686119,0.004549644515292227,0.00602729971149352,0.007501095686486469,0.008769669333553833,0.009631597514455409,0.009937337239224112,0.009631597514455409,0.008769669333553833,0.007501095686486469,0.00602729971149352,0.004549644515292227,0.003752840633064361,0.002939709564605673,0.001114938338292962,0.001477053317493005,0.001838222553862663,0.002149099895885654,0.002886984060066552,0.003225858891228926,0.003475262818981272,0.003626153213378659,0.003676445107725325,0.003626153213378659,0.003475262818981272,0.003225858891228926,0.002886984060066552,0.002149099895885654,0.001838222553862663,0.001477053317493005,0.001114938338292962,0.0007906096687200192,0.000526659579378242,0,0,0,0,0,0,0,0,0,0,0,0,0,0,0,0,0,0,0,0,0,0,0,0,0,0,0,0,0,0,0,0,0,0,0,0,0,0,0,0,0,0,0,0,0,0,0,0,0,0,0,0,0,0,0,0,0,0,0,0,0,0,0,0,0,0,0,0,0,0,0,0.002149099895885654,0.003226181053686119,0.004549644515292227,0.00602729971149352,0.007501095686486469,0.008769669333553833,0.009631597514455409,0.009937337239224112,0.009631597514455409,0.008769669333553833,0.007501095686486469,0.00602729971149352,0.004549644515292227,0.003226181053686119,0.002149099895885654,0,0,0,0,0
0.00389151717706505,0.005155422644507358,0.006416027145122064,0.007501095686486469,0.00823834192849522,0.008499854973448386,0.00823834192849522,0.007501095686486469,0.006416027145122064,0.005155422644507358,0.00389151717706505,0.002759498889318159,0.001838222553862663,0,0,0.0007906096687200192,0.001186845683147944,0.001673720681814422,0.002217319649637031,0.002759498889318159,0.003226181053686119,0.003543266711206109,0.003655742070297929,0.003543266711206109,0.003226181053686119,0.002759498889318159,0.002217319649637031,0.001673720681814422,0.001186845683147944,0.001581219337440038,0.001186845683147944,0.001673720681814422,0.002217319649637031,0.002759498889318159,0.003226181053686119,0.003543266711206109,0.003655742070297929,0.003543266711206109,0.003226181053686119,0.002759498889318159,0.002217319649637031,0.001673720681814422,0.001186845683147944,0.0007906096687200192,0,0,0,0,0,0,0,0,0.001477053317493005,0.002217319649637031,0.003126921897670497,0.004142498471769416,0.005155422644507358,0.00602729971149352,0.006619693709314979,0.00682982534424901,0.006619693709314979,0.00602729971149352,0.005155422644507358,0.004142498471769416,0.003126921897670497,0.002217319649637031,0.001477053317493005,0,0,0,0,0,0,0,0,0,0,0,0,0,0,0,0,0,0,0,0,0,0,0,0,0,0,0,0,0,0,0,0,0,0,0,0,0,0,0,0,0,0,0,0,0,0,0,0,0,0,0,0,0,0,0,0,0,0,0,0,0,0,0,0,0.002360324480688309,0.003543266711206109,0.004996806964828454,0.006619693709314979,0.00823834192849522,0.009631597514455409,0.01057824042755217,0.01091402982406744,0.01057824042755217,0.009631597514455409,0.00823834192849522,0.006619693709314979,0.004996806964828454,0.004333876379926127,0.003547170163836254,0.001673720681814422,0.002217319649637031,0.002759498889318159,0.003226181053686119,0.003543266711206109,0.003655742070297929,0.003543266711206109,0.003226181053686119,0.002759498889318159,0.002217319649637031,0.001673720681814422,0.001186845683147944,0.0007906096687200192,0,0,0,0,0,0,0,0,0,0,0,0,0,0,0,0,0,0,0,0,0,0,0,0,0,0,0,0,0,0,0,0,0,0,0,0,0,0,0,0,0,0,0,0,0,0,0,0,0,0,0,0,0,0,0,0,0,0,0,0,0,0,0,0,0,0,0,0,0,0,0,0,0,0,0,0,0,0.001838222553862663,0.002759498889318159,0.00389151717706505,0.005155422644507358,0.006416027145122064,0.007501095686486469,0.00823834192849522,0.008499854973448386,0.00823834192849522,0.007501095686486469,0.006416027145122064,0.005155422644507358,0.00389151717706505,0.002759498889318159,0.001838222553862663,0,0,0,0,0
