0.007756305854146613,0.00883701335895201,0.009912062610309642,0.01081844319760335,0.01136885009627219,0.01091402982406744,0.01057824042755217,0.009631597514455409,0.00823834192849522,0.006619693709314979,0.004996806964828454,0.004333876379926127,0.003547170163836254,0.004034045162502732,0.00576058636084314,0.007756305854146613,0.009845874763001097,0.01178160863970133,0.01328733958475334,0.01412150713875827,0.01414021087775355,0.01333773931687032,0.01184891716409244,0.009912062610309642,0.007806539392462923,0.008147741114236782,0.007086533422412217,0.007357131445516763,0.006619693709314979,0.00823834192849522,0.009631597514455409,0.01057824042755217,0.01091402982406744,0.01293856490824048,0.01317486422566152,0.01323514889332367,0.01323938741862996,0.01323514889332367,0.01317486422566152,0.01293856490824048,0.01091402982406744,0.01057824042755217,0.01294687338581108,0.01321516046745041,0.01363813278405052,0.01429472808110523,0.01511471650083553,0.0158887198786683,0.0148580356378102,0.01532968031769739,0.0148580356378102,0.01352839539797999,0.01157144978962942,0.009297921116276774,0.009378763555423856,0.008520085250161298,0.00831208283618412,0.006619693709314979,0.00823834192849522,0.009631597514455409,0.01057824042755217,0.01091402982406744,0.01293856490824048,0.01317486422566152,0.01323514889332367,0.01323938741862996,0.01323514889332367,0.01317486422566152,0.01293856490824048,0.01091402982406744,0.01057824042755217,0.009631597514455409,0.00823834192849522,0.006619693709314979,0.004996806964828454,0.005381489265068771,0.005119823370006468,0.00389151717706505,0.005155422644507358,0.006416027145122064,0.007501095686486469,0.00823834192849522,0.008499854973448386,0.00823834192849522,0.007501095686486469,0.006416027145122064,0.005155422644507358,0.00389151717706505,0.002759498889318159,0.003315275871355668,0.002217319649637031,0.003126921897670497,0.004142498471769416,0.005155422644507358,0.00602729971149352,0.006619693709314979,0.00682982534424901,0.006619693709314979,0.00602729971149352,0.005155422644507358,0.004142498471769416,0.003126921897670497,0.002217319649637031,0.001477053317493005,0,0,0,0.002360324480688309,0.003543266711206109,0.004996806964828454,0.006619693709314979,0.00823834192849522,0.009631597514455409,0.01057824042755217,0.01091402982406744,0.01057824042755217,0.009631597514455409,0.00823834192849522,0.006619693709314979,0.004996806964828454,0.003543266711206109,0.002360324480688309,0,0,0.001838222553862663,0.002759498889318159,0.00389151717706505,0.005155422644507358,0.006416027145122064,0.008291705355206489,0.009425187611643165,0.01017357565526281,0.01045566157813225,0.01026059457580463,0.009642208198808183,0.008698689355713466,0.00754725924736298,0.006302765600524268,0.005064403607548782,0.002759498889318159,0.002217319649637031,0.001673720681814422,0.001186845683147944,0.001905548007012982
0.008441161692357277,0.009154221609164017,0.009861420167174778,0.01044339001536826,0.01074653585274837,0.009937337239224112,0.009631597514455409,0.008769669333553833,0.007501095686486469,0.00602729971149352,0.004549644515292227,0.004341119391979081,0.003822820577700076,0.004795573703197217,0.006782663967968426,0.009046939821572408,0.01137946985954124,0.01349666193827684,0.01509275988373147,0.01591083678889589,0.01581012283552239,0.01480554700113249,0.01306425913689461,0.01086017945413669,0.008503546026063432,0.008705610205309227,0.007311484140595859,0.007590671867016265,0.00682982534424901,0.008499854973448386,0.009937337239224112,0.01091402982406744,0.01126047832023017,0.01306312971995309,0.01316351829291023,0.01304949948874061,0.01285712505574253,0.01265651833099383,0.01242541140385176,0.01206684673696432,0.009937337239224112,0.009631597514455409,0.01203370756773245,0.01240099742198701,0.01293726870747406,0.01370386612445624,0.01461879391723764,0.01546841374473171,0.01462840447928386,0.01509275988373147,0.01462840447928386,0.01331931384884606,0.01139261286355152,0.009154221609164017,0.00905906889186619,0.00812608278918666,0.007813682749470844,0.00602729971149352,0.007501095686486469,0.008769669333553833,0.009631597514455409,0.009937337239224112,0.01206684673696432,0.01242541140385176,0.01265651833099383,0.01285712505574253,0.01304949948874061,0.01316351829291023,0.01306312971995309,0.01126047832023017,0.01091402982406744,0.009937337239224112,0.008499854973448386,0.00682982534424901,0.005155422644507358,0.005804841966183583,0.005661430276195025,0.004549644515292227,0.00602729971149352,0.007501095686486469,0.008769669333553833,0.009631597514455409,0.009937337239224112,0.009631597514455409,0.008769669333553833,0.007501095686486469,0.00602729971149352,0.004549644515292227,0.003226181053686119,0.003987322449748316,0.002759498889318159,0.00389151717706505,0.005155422644507358,0.006416027145122064,0.007501095686486469,0.00823834192849522,0.008499854973448386,0.00823834192849522,0.007501095686486469,0.006416027145122064,0.005155422644507358,0.00389151717706505,0.002759498889318159,0.001838222553862663,0,0,0,0.002149099895885654,0.003226181053686119,0.004549644515292227,0.00602729971149352,0.007501095686486469,0.008769669333553833,0.009631597514455409,0.009937337239224112,0.009631597514455409,0.008769669333553833,0.007501095686486469,0.00602729971149352,0.004549644515292227,0.003226181053686119,0.002149099895885654,0,0,0.002149099895885654,0.003226181053686119,0.004549644515292227,0.00602729971149352,0.007501095686486469,0.009296328912932075,0.01042220718317543,0.01105227557751707,0.01110865083194841,0.0106078918874165,0.009650195582372123,0.008387624192181829,0.006984893737801133,0.005586505534374429,0.004298199791771308,0.001838222553862663,0.001477053317493005,0.001114938338292962,0.0007906096687200192,0.001317269248098261
0.009046939821572408,0.009297921116276774,0.009542949042792561,0.009718415336123502,0.009715395245988225,0.008499854973448386,0.00823834192849522,0.007501095686486469,0.006416027145122064,0.005155422644507358,0.00389151717706505,0.004236552206811163,0.004055542203499694,0.005487246378358806,0.007685765182975524,0.01015222960933581,0.0126469934208085,0.0148580356378102,0.01646142285870442,0.01719793413686714,0.01694132953556095,0.01573366307205952,0.01377409598622482,0.01136526382616572,0.00883701335895201,0.008834184763009768,0.007086533422412217,0.007357131445516763,0.006619693709314979,0.00823834192849522,0.009631597514455409,0.01057824042755217,0.01091402982406744,0.01241646298141483,0.01239109640377357,0.01212985910556027,0.01177511635382234,0.01141283410995052,0.01104436239769258,0.01059866640918353,0.008499854973448386,0.00823834192849522,0.0106520298358948,0.01114613953947612,0.01182595029115023,0.01272853053601706,0.01375733970713154,0.01469600112200419,0.01412150713875827,0.01456977189436537,0.01412150713875827,0.01285777856814153,0.01099784081781338,0.00883701335895201,0.008508750200505538,0.007489611283672211,0.007042451326473379,0.005155422644507358,0.006416027145122064,0.007501095686486469,0.00823834192849522,0.008499854973448386,0.01059866640918353,0.01104436239769258,0.01141283410995052,0.01177511635382234,0.01212985910556027,0.01239109640377357,0.01241646298141483,0.01091402982406744,0.01057824042755217,0.009631597514455409,0.00823834192849522,0.006619693709314979,0.004996806964828454,0.005903591191894418,0.005903591191894418,0.004996806964828454,0.006619693709314979,0.00823834192849522,0.009631597514455409,0.01057824042755217,0.01091402982406744,0.01057824042755217,0.009631597514455409,0.00823834192849522,0.006619693709314979,0.004996806964828454,0.003543266711206109,0.004509424376573964,0.003226181053686119,0.004549644515292227,0.00602729971149352,0.007501095686486469,0.008769669333553833,0.009631597514455409,0.009937337239224112,0.009631597514455409,0.008769669333553833,0.007501095686486469,0.00602729971149352,0.004549644515292227,0.003226181053686119,0.002149099895885654,0,0,0,0.001838222553862663,0.002759498889318159,0.00389151717706505,0.005155422644507358,0.006416027145122064,0.007501095686486469,0.00823834192849522,0.008499854973448386,0.00823834192849522,0.007501095686486469,0.006416027145122064,0.005155422644507358,0.00389151717706505,0.002759498889318159,0.001838222553862663,0,0,0.002360324480688309,0.003543266711206109,0.004996806964828454,0.006619693709314979,0.00823834192849522,0.009631597514455409,0.01057824042755217,0.01091402982406744,0.01057824042755217,0.009631597514455409,0.00823834192849522,0.006619693709314979,0.004996806964828454,0.003543266711206109,0.002360324480688309,0,0,0,0,0.000526659579378242
0.009542949042792561,0.009297921116276774,0.009046939821572408,0.008786798600811678,0.00845791626317764,0.00682982534424901,0.006619693709314979,0.00602729971149352,0.005155422644507358,0.004142498471769416,0.003126921897670497,0.004055542203499694,0.004236552206811163,0.006040617072950704,0.008381603698193477,0.01096567166041429,0.01352839539797999,0.01573943761498169,0.01726952430700222,0.01786993944295063,0.01743843292571058,0.01604762465957747,0.01392509197806119,0.01139261286355152,0.008786798600811678,0.008536966965040544,0.006452362107372238,0.006698744411177881,0.00602729971149352,0.007501095686486469,0.008769669333553833,0.009631597514455409,0.009937337239224112,0.01110865083194841,0.01098698898319087,0.01062801758415697,0.01016979818326294,0.009705067159799585,0.00925348076517964,0.008768793605200633,0.00682982534424901,0.006619693709314979,0.00898920851338067,0.009601774383525307,0.01041285945456974,0.01143380055941251,0.01255539717694808,0.01356349045260277,0.01327435430475575,0.01369572754273907,0.01327435430475575,0.01208643713510977,0.01086473710668929,0.009097488330462034,0.008862352638586288,0.008140724706147984,0.007927053253420309,0.00629159836765507,0.007515747125195668,0.008462548934002428,0.008980018190003288,0.008978925240134664,0.01060701615906329,0.01073053408267264,0.01082000549809255,0.01096040785198295,0.01115467716353521,0.01098698898319087,0.01110865083194841,0.009937337239224112,0.009631597514455409,0.008769669333553833,0.007501095686486469,0.00602729971149352,0.004549644515292227,0.005661430276195025,0.005804841966183583,0.005155422644507358,0.00682982534424901,0.008499854973448386,0.009937337239224112,0.01091402982406744,0.01126047832023017,0.01091402982406744,0.009937337239224112,0.008499854973448386,0.00682982534424901,0.005155422644507358,0.003655742070297929,0.004795573703197217,0.003543266711206109,0.004996806964828454,0.006619693709314979,0.00823834192849522,0.009631597514455409,0.01057824042755217,0.01091402982406744,0.01057824042755217,0.009631597514455409,0.00823834192849522,0.006619693709314979,0.004996806964828454,0.003543266711206109,0.002360324480688309,0,0,0,0.001477053317493005,0.002217319649637031,0.003126921897670497,0.004142498471769416,0.005155422644507358,0.00602729971149352,0.006619693709314979,0.00682982534424901,0.006619693709314979,0.00602729971149352,0.005155422644507358,0.004142498471769416,0.003126921897670497,0.002217319649637031,0.001477053317493005,0,0,0.002435249222508907,0.003655742070297929,0.005155422644507358,0.00682982534424901,0.008499854973448386,0.009937337239224112,0.01091402982406744,0.01126047832023017,0.01091402982406744,0.009937337239224112,0.008499854973448386,0.00682982534424901,0.005155422644507358,0.003655742070297929,0.002435249222508907,0,0,0,0,0
0.009861420167174778,0.009154221609164017,0.008441161692357277,0.007775825568978345,0.007145906860714108,0.005155422644507358,0.004996806964828454,0.004549644515292227,0.00389151717706505,0.003126921897670497,0.002360324480688309,0.003822820577700076,0.004341119391979081,0.006387867069154889,0.008786798600811678,0.01139261286355152,0.01392509197806119,0.01604762465957747,0.01743843292571058,0.01786993944295063,0.01726952430700222,0.01573943761498169,0.01352839539797999,0.01096567166041429,0.008381603698193477,0.007878839626813367,0.005518997778636317,0.005729739730927713,0.005155422644507358,0.006416027145122064,0.007501095686486469,0.00823834192849522,0.008499854973448386,0.009353280266788182,0.009174816368300892,0.008776351625810374,0.008282344542177855,0.0077830343541301,0.007309143404610386,0.006835029518691116,0.005155422644507358,0.004996806964828454,0.006909968995980537,0.007434783888271158,0.008123728862498951,0.008980018190003288,0.009912062610309642,0.01074653585274837,0.01057824042755217,0.01091402982406744,0.01057824042755217,0.009631597514455409,0.009028951597215239,0.007806539392462923,0.007785465984935838,0.007434307042657562,0.007480147850694778,0.006353102951356616,0.007434783888271158,0.008205386585590157,0.008540073676034562,0.008381603698193477,0.009594528408009275,0.009526463054247416,0.009456755035944522,0.009469190225325799,0.009566961294530392,0.009174816368300892,0.009353280266788182,0.008499854973448386,0.00823834192849522,0.007501095686486469,0.006416027145122064,0.005155422644507358,0.00389151717706505,0.005119823370006468,0.005381489265068771,0.004996806964828454,0.006619693709314979,0.00823834192849522,0.009631597514455409,0.01057824042755217,0.01091402982406744,0.01057824042755217,0.009631597514455409,0.00823834192849522,0.006619693709314979,0.004996806964828454,0.003543266711206109,0.004795573703197217,0.003655742070297929,0.005155422644507358,0.00682982534424901,0.008499854973448386,0.009937337239224112,0.01091402982406744,0.01126047832023017,0.01091402982406744,0.009937337239224112,0.008499854973448386,0.00682982534424901,0.005155422644507358,0.003655742070297929,0.002435249222508907,0,0,0,0.001641597917671204,0.002464330350534441,0.003475262818981272,0.004603975215163501,0.005729739730927713,0.006698744411177881,0.007357131445516763,0.007590671867016265,0.007883791024895006,0.0074893540798979,0.006844678069220675,0.006081028532656506,0.005313485372843934,0.004613430246420095,0.004001922398359514,0.002435249222508907,0.002360324480688309,0.004509424376573964,0.005381489265068771,0.006473860282321458,0.007734632047607941,0.009028951597215239,0.01015825709383365,0.01057824042755217,0.01091402982406744,0.01057824042755217,0.009631597514455409,0.00823834192849522,0.006619693709314979,0.004996806964828454,0.003543266711206109,0.002360324480688309,0,0,0,0,0
0.009912062610309642,0.00883701335895201,0.007756305854146613,0.006769447764892227,0.005903591191894418,0.003655742070297929,0.003543266711206109,0.003226181053686119,0.002759498889318159,0.002217319649637031,0.001673720681814422,0.003547170163836254,0.004333876379926127,0.006473860282321458,0.00883701335895201,0.01136526382616572,0.01377409598622482,0.01573366307205952,0.01694132953556095,0.01719793413686714,0.01646142285870442,0.0148580356378102,0.0126469934208085,0.01015222960933581,0.007685765182975524,0.006964299695851811,0.004434639299274063,0.004603975215163501,0.004142498471769416,0.005155422644507358,0.00602729971149352,0.006619693709314979,0.00682982534424901,0.007410303378034997,0.007214145394641464,0.00682914332632178,0.006359818121406447,0.005886420786988656,0.00544350070332315,0.005020320028699113,0.003655742070297929,0.003543266711206109,0.005375280949571773,0.005985679943004278,0.006766964164929258,0.007701020393307942,0.008687941369634414,0.009560279002273853,0.009631597514455409,0.009937337239224112,0.009631597514455409,0.008769669333553833,0.008616034024779432,0.007701020393307942,0.007700578664700555,0.00753994863450456,0.007714337754765126,0.006766964164929258,0.007756305854146613,0.008381603698193477,0.008540073676034562,0.008205386585590157,0.008911837205764163,0.008570422600993648,0.008246745267676965,0.008033538803220868,0.007944081664614742,0.007214145394641464,0.007410303378034997,0.00682982534424901,0.006619693709314979,0.00602729971149352,0.005155422644507358,0.004142498471769416,0.003126921897670497,0.004366419545522686,0.004703234371179124,0.004549644515292227,0.00602729971149352,0.007501095686486469,0.008769669333553833,0.009631597514455409,0.009937337239224112,0.009631597514455409,0.008769669333553833,0.007501095686486469,0.00602729971149352,0.004549644515292227,0.003226181053686119,0.004509424376573964,0.003543266711206109,0.004996806964828454,0.006619693709314979,0.00823834192849522,0.009631597514455409,0.01057824042755217,0.01091402982406744,0.01057824042755217,0.009631597514455409,0.00823834192849522,0.006619693709314979,0.004996806964828454,0.003543266711206109,0.002360324480688309,0,0,0,0.001581219337440038,0.002373691366295889,0.003347441363628844,0.004434639299274063,0.005518997778636317,0.006452362107372238,0.007086533422412217,0.007311484140595859,0.007877143091132237,0.007639207790520182,0.007192718460450739,0.006651958948911094,0.006106940252947003,0.005599872419982007,0.005124486048646146,0.003655742070297929,0.003543266711206109,0.005375280949571773,0.005985679943004278,0.006766964164929258,0.007701020393307942,0.008687941369634414,0.009560279002273853,0.009631597514455409,0.009937337239224112,0.009631597514455409,0.008769669333553833,0.007501095686486469,0.00602729971149352,0.004549644515292227,0.003226181053686119,0.002149099895885654,0,0,0,0,0
0.009614793311741348,0.008306878661742016,0.006993645198370021,0.005804841966183583,0.004795573703197217,0.002435249222508907,0.002360324480688309,0.002149099895885654,0.001838222553862663,0.001477053317493005,0.001114938338292962,0.003225858891228926,0.004182401649676171,0.00627036098280032,0.008503546026063432,0.01086017945413669,0.01306425913689461,0.01480554700113249,0.01581012283552239,0.01591083678889589,0.01509275988373147,0.01349666193827684,0.01137946985954124,0.009046939821572408,0.006782663967968426,0.005910512041490179,0.003347441363628844,0.003475262818981272,0.003126921897670497,0.00389151717706505,0.004549644515292227,0.004996806964828454,0.005155422644507358,0.005523466544206696,0.005340254184012246,0.005006455515358012,0.004603975215163501,0.004198547034550972,0.003822820577700076,0.003475262818981272,0.002435249222508907,0.002360324480688309,0.003987322449748316,0.004597721443180821,0.005368570494558055,0.00627036098280032,0.007206636813842083,0.008027755265864711,0.00823834192849522,0.008499854973448386,0.00823834192849522,0.007501095686486469,0.007893080462615068,0.007372742294144389,0.007545098654113789,0.007692607029807594,0.008108583536662984,0.007504353028986525,0.00845791626317764,0.008978925240134664,0.008980018190003288,0.008462548934002428,0.00863068546348863,0.007965319049469493,0.007325468932221468,0.006821294864800534,0.006483508832851017,0.005340254184012246,0.005523466544206696,0.005155422644507358,0.004996806964828454,0.004549644515292227,0.00389151717706505,0.003126921897670497,0.002360324480688309,0.003511943235677085,0.003874437227611121,0.00389151717706505,0.005155422644507358,0.006416027145122064,0.007501095686486469,0.00823834192849522,0.008499854973448386,0.00823834192849522,0.007501095686486469,0.006416027145122064,0.005155422644507358,0.00389151717706505,0.002759498889318159,0.003987322449748316,0.003226181053686119,0.004549644515292227,0.00602729971149352,0.007501095686486469,0.008769669333553833,0.009631597514455409,0.009937337239224112,0.009631597514455409,0.008769669333553833,0.007501095686486469,0.00602729971149352,0.004549644515292227,0.003226181053686119,0.002149099895885654,0,0,0,0.001641597917671204,0.002464330350534441,0.003475262818981272,0.004603975215163501,0.005729739730927713,0.006698744411177881,0.007357131445516763,0.007590671867016265,0.008472069783809726,0.008372465092992302,0.008090064211616023,0.007730897112833999,0.007366779996046322,0.007013974865826667,0.006638404882499658,0.005155422644507358,0.004996806964828454,0.006387867069154889,0.006651016066383209,0.007018439074735547,0.007515747125195668,0.008089747826936486,0.008616034024779432,0.00823834192849522,0.008499854973448386,0.00823834192849522,0.007501095686486469,0.006416027145122064,0.005155422644507358,0.00389151717706505,0.002759498889318159,0.001838222553862663,0,0,0,0,0
0.00823834192849522,0.006619693709314979,0.004996806964828454,0.003543266711206109,0.002360324480688309,0,0,0,0,0,0,0.002360324480688309,0.003543266711206109,0.005787416633548472,0.007806539392462923,0.009912062610309642,0.01184891716409244,0.01333773931687032,0.01414021087775355,0.01412150713875827,0.01328733958475334,0.01178160863970133,0.009845874763001097,0.007756305854146613,0.00576058636084314,0.004824654831222751,0.002373691366295889,0.002464330350534441,0.002217319649637031,0.002759498889318159,0.003226181053686119,0.003543266711206109,0.003655742070297929,0.003543266711206109,0.003226181053686119,0.002759498889318159,0.002217319649637031,0.001673720681814422,0.001186845683147944,0.0007906096687200192,0,0,0.001477053317493005,0.002217319649637031,0.003126921897670497,0.004142498471769416,0.005155422644507358,0.00602729971149352,0.006619693709314979,0.00682982534424901,0.006619693709314979,0.00602729971149352,0.006993645198370021,0.006901997361087575,0.007018439074735547,0.007372742294144389,0.007893080462615068,0.007501095686486469,0.00823834192849522,0.008499854973448386,0.008765001507873462,0.008291705355206489,0.008321575152135045,0.007819321645148307,0.007403460412742134,0.007125918434840844,0.00695804592386913,0.005661430276195025,0.005903591191894418,0.005804841966183583,0.005381489265068771,0.004703234371179124,0.003874437227611121,0.003007929318357051,0.002200380261192664,0.002663899000640949,0.003007929318357051,0.003126921897670497,0.004142498471769416,0.005155422644507358,0.00602729971149352,0.006619693709314979,0.00682982534424901,0.006619693709314979,0.00602729971149352,0.005155422644507358,0.004142498471769416,0.003126921897670497,0.002217319649637031,0.003315275871355668,0.002759498889318159,0.00389151717706505,0.005155422644507358,0.006416027145122064,0.007501095686486469,0.00823834192849522,0.008499854973448386,0.00823834192849522,0.007501095686486469,0.006416027145122064,0.005155422644507358,0.00389151717706505,0.002759498889318159,0.001838222553862663,0,0,0,0.001477053317493005,0.002217319649637031,0.003126921897670497,0.004142498471769416,0.005155422644507358,0.00602729971149352,0.006619693709314979,0.00682982534424901,0.008096747026807984,0.008244619361130551,0.008282344542177855,0.008284996943538831,0.008282344542177855,0.008244619361130551,0.008096747026807984,0.00682982534424901,0.006619693709314979,0.007504353028986525,0.007372742294144389,0.007269420369439913,0.007269420369439913,0.007372742294144389,0.007504353028986525,0.006619693709314979,0.00682982534424901,0.006619693709314979,0.00602729971149352,0.005155422644507358,0.004142498471769416,0.003126921897670497,0.002217319649637031,0.001477053317493005,0,0.000526659579378242,0.0007906096687200192,0.001114938338292962,0.001477053317493005
0.007501095686486469,0.00602729971149352,0.004549644515292227,0.003226181053686119,0.002149099895885654,0,0,0,0,0,0,0.002149099895885654,0.003226181053686119,0.005076304094670469,0.006817909380213539,0.008616034024779432,0.01024672265104684,0.01146982006831807,0.01208643713510977,0.01199192199514372,0.01120491855606274,0.009861420167174778,0.008176399607379174,0.006387867069154889,0.004703234371179124,0.003790697813556859,0.001581219337440038,0.001641597917671204,0.002003712896871247,0.002628832222582682,0.003264038234178617,0.003837377798181314,0.00427347177637157,0.004509424376573964,0.004509424376573964,0.00427347177637157,0.003837377798181314,0.003264038234178617,0.002628832222582682,0.002003712896871247,0.001114938338292962,0.0007906096687200192,0.001641597917671204,0.001673720681814422,0.002360324480688309,0.003126921897670497,0.00389151717706505,0.004549644515292227,0.004996806964828454,0.005155422644507358,0.004996806964828454,0.004549644515292227,0.006040617072950704,0.006353102951356616,0.006909968995980537,0.007701020393307942,0.008616034024779432,0.008769669333553833,0.009631597514455409,0.009937337239224112,0.01042220718317543,0.009956515016701778,0.009701475947679134,0.00903522902985057,0.008424081742903348,0.007929415424865242,0.007530589160954426,0.005804841966183583,0.005903591191894418,0.005661430276195025,0.005119823370006468,0.004366419545522686,0.003511943235677085,0.002663899000640949,0.001905548007012982,0.001905548007012982,0.002200380261192664,0.002360324480688309,0.003126921897670497,0.00389151717706505,0.004549644515292227,0.004996806964828454,0.005155422644507358,0.004996806964828454,0.004549644515292227,0.00389151717706505,0.003126921897670497,0.002360324480688309,0.001673720681814422,0.002591991655785967,0.002217319649637031,0.003126921897670497,0.004142498471769416,0.005155422644507358,0.00602729971149352,0.006619693709314979,0.00682982534424901,0.006619693709314979,0.00602729971149352,0.005155422644507358,0.004142498471769416,0.003126921897670497,0.002217319649637031,0.001477053317493005,0,0,0,0.001838222553862663,0.002759498889318159,0.00389151717706505,0.005155422644507358,0.006416027145122064,0.007501095686486469,0.00823834192849522,0.008499854973448386,0.01007656448235788,0.01026059457580463,0.01030754432218711,0.01031084528901472,0.01030754432218711,0.01026059457580463,0.01007656448235788,0.008499854973448386,0.00823834192849522,0.008616034024779432,0.008089747826936486,0.007515747125195668,0.007018439074735547,0.006651016066383209,0.006387867069154889,0.004996806964828454,0.005155422644507358,0.004996806964828454,0.004549644515292227,0.00389151717706505,0.003126921897670497,0.002360324480688309,0.001673720681814422,0.001114938338292962,0,0.0007906096687200192,0.001186845683147944,0.001673720681814422,0.002217319649637031
0.006416027145122064,0.005155422644507358,0.00389151717706505,0.002759498889318159,0.001838222553862663,0,0,0,0,0,0,0.001838222553862663,0.002759498889318159,0.00389151717706505,0.005155422644507358,0.006416027145122064,0.007501095686486469,0.00823834192849522,0.008499854973448386,0.00823834192849522,0.007501095686486469,0.006416027145122064,0.005155422644507358,0.00389151717706505,0.002759498889318159,0.001838222553862663,0,0,0.0007906096687200192,0.001186845683147944,0.001673720681814422,0.002217319649637031,0.002759498889318159,0.003226181053686119,0.003543266711206109,0.003655742070297929,0.003543266711206109,0.003226181053686119,0.002759498889318159,0.002217319649637031,0.001673720681814422,0.001186845683147944,0.001581219337440038,0.001186845683147944,0.001673720681814422,0.002217319649637031,0.002759498889318159,0.003226181053686119,0.003543266711206109,0.003655742070297929,0.003543266711206109,0.003226181053686119,0.005119823370006468,0.00576058636084314,0.006670527646642875,0.007806539392462923,0.009028951597215239,0.009631597514455409,0.01057824042755217,0.01091402982406744,0.01169317876584513,0.01130531819626983,0.01059866640918353,0.009746615606985476,0.008888324141893503,0.008092911226498335,0.007357131445516763,0.005155422644507358,0.004996806964828454,0.004549644515292227,0.00389151717706505,0.003126921897670497,0.002360324480688309,0.001673720681814422,0.001114938338292962,0.0007906096687200192,0.001186845683147944,0.001673720681814422,0.002217319649637031,0.002759498889318159,0.003226181053686119,0.003543266711206109,0.003655742070297929,0.003543266711206109,0.003226181053686119,0.002759498889318159,0.002217319649637031,0.001673720681814422,0.001186845683147944,0.001905548007012982,0.001673720681814422,0.002360324480688309,0.003126921897670497,0.00389151717706505,0.004549644515292227,0.004996806964828454,0.005155422644507358,0.004996806964828454,0.004549644515292227,0.00389151717706505,0.003126921897670497,0.002360324480688309,0.001673720681814422,0.001114938338292962,0,0,0,0.002149099895885654,0.003226181053686119,0.004549644515292227,0.00602729971149352,0.007501095686486469,0.008769669333553833,0.009631597514455409,0.009937337239224112,0.01178069741034106,0.01199585038723995,0.0120507402017787,0.01205459942298704,0.0120507402017787,0.01199585038723995,0.01178069741034106,0.009937337239224112,0.009631597514455409,0.009560279002273853,0.008687941369634414,0.007701020393307942,0.006766964164929258,0.005985679943004278,0.005375280949571773,0.003543266711206109,0.003655742070297929,0.003543266711206109,0.003226181053686119,0.002759498889318159,0.002217319649637031,0.001673720681814422,0.001186845683147944,0.0007906096687200192,0,0.001114938338292962,0.001673720681814422,0.002360324480688309,0.003126921897670497
0.005155422644507358,0.004142498471769416,0.003126921897670497,0.002217319649637031,0.001477053317493005,0,0,0,0,0,0,0.001477053317493005,0.002217319649637031,0.003126921897670497,0.004142498471769416,0.005155422644507358,0.00602729971149352,0.006619693709314979,0.00682982534424901,0.006619693709314979,0.00602729971149352,0.005155422644507358,0.004142498471769416,0.003126921897670497,0.002217319649637031,0.001477053317493005,0,0,0.001114938338292962,0.001673720681814422,0.002360324480688309,0.003126921897670497,0.00389151717706505,0.004549644515292227,0.004996806964828454,0.005155422644507358,0.004996806964828454,0.004549644515292227,0.00389151717706505,0.003126921897670497,0.002360324480688309,0.001673720681814422,0.001641597917671204,0.0007906096687200192,0.001114938338292962,0.001477053317493005,0.001838222553862663,0.002149099895885654,0.002360324480688309,0.002435249222508907,0.002360324480688309,0.002149099895885654,0.00427347177637157,0.005132795387790934,0.00627036098280032,0.007620435012969029,0.009026514552826628,0.009937337239224112,0.01091402982406744,0.01126047832023017,0.01239108314156044,0.01215465688886114,0.01162677687111888,0.01097232381601843,0.01031084528901472,0.009683041781791449,0.009054942931823885,0.00682982534424901,0.006619693709314979,0.00602729971149352,0.005155422644507358,0.004142498471769416,0.003126921897670497,0.002217319649637031,0.001477053317493005,0.000526659579378242,0.0007906096687200192,0.001114938338292962,0.001477053317493005,0.001838222553862663,0.002149099895885654,0.002360324480688309,0.002435249222508907,0.002360324480688309,0.002149099895885654,0.001838222553862663,0.001477053317493005,0.001114938338292962,0.0007906096687200192,0.001317269248098261,0.001186845683147944,0.001673720681814422,0.002217319649637031,0.002759498889318159,0.003226181053686119,0.003543266711206109,0.003655742070297929,0.003543266711206109,0.003226181053686119,0.002759498889318159,0.002217319649637031,0.001673720681814422,0.001186845683147944,0.0007906096687200192,0,0,0,0.002360324480688309,0.003543266711206109,0.004996806964828454,0.006619693709314979,0.00823834192849522,0.009631597514455409,0.01057824042755217,0.01091402982406744,0.01293856490824048,0.01317486422566152,0.01323514889332367,0.01323938741862996,0.01323514889332367,0.01317486422566152,0.01293856490824048,0.01091402982406744,0.01057824042755217,0.01015825709383365,0.009028951597215239,0.007734632047607941,0.006473860282321458,0.005381489265068771,0.004509424376573964,0.002360324480688309,0.002435249222508907,0.002360324480688309,0.002149099895885654,0.001838222553862663,0.001477053317493005,0.001114938338292962,0.0007906096687200192,0.000526659579378242,0,0.001477053317493005,0.002217319649637031,0.003126921897670497,0.004142498471769416
0.00389151717706505,0.003126921897670497,0.002360324480688309,0.001673720681814422,0.001114938338292962,0,0,0,0,0,0,0.001114938338292962,0.001673720681814422,0.002360324480688309,0.003126921897670497,0.00389151717706505,0.004549644515292227,0.004996806964828454,0.005155422644507358,0.004996806964828454,0.004549644515292227,0.00389151717706505,0.003126921897670497,0.002360324480688309,0.001673720681814422,0.001114938338292962,0,0,0.001477053317493005,0.002217319649637031,0.003126921897670497,0.004142498471769416,0.005155422644507358,0.00602729971149352,0.006619693709314979,0.00682982534424901,0.006619693709314979,0.00602729971149352,0.005155422644507358,0.004142498471769416,0.003126921897670497,0.002217319649637031,0.001477053317493005,0,0,0,0,0,0,0,0,0,0.002360324480688309,0.003543266711206109,0.004996806964828454,0.006619693709314979,0.00823834192849522,0.009631597514455409,0.01057824042755217,0.01091402982406744,0.01241646298141483,0.01239109640377357,0.01212985910556027,0.01177511635382234,0.01141283410995052,0.01104436239769258,0.01059866640918353,0.008499854973448386,0.00823834192849522,0.007501095686486469,0.006416027145122064,0.005155422644507358,0.00389151717706505,0.002759498889318159,0.001838222553862663,0,0,0,0,0,0,0,0,0,0,0,0,0,0,0.000526659579378242,0.0007906096687200192,0.001114938338292962,0.001477053317493005,0.001838222553862663,0.002149099895885654,0.002360324480688309,0.002435249222508907,0.002360324480688309,0.002149099895885654,0.001838222553862663,0.001477053317493005,0.001114938338292962,0.0007906096687200192,0.000526659579378242,0,0,0,0.002435249222508907,0.003655742070297929,0.005155422644507358,0.00682982534424901,0.008499854973448386,0.009937337239224112,0.01091402982406744,0.01126047832023017,0.01334927904657634,0.01359307930952204,0.01365527761795574,0.01365965068849802,0.01365527761795574,0.01359307930952204,0.01334927904657634,0.01126047832023017,0.01091402982406744,0.01046399681860235,0.009290464642168405,0.007944763682541971,0.006632475962000363,0.005493964624160592,0.004584349118394561,0.002360324480688309,0.002435249222508907,0.002360324480688309,0.002149099895885654,0.001838222553862663,0.001477053317493005,0.001114938338292962,0.0007906096687200192,0.000526659579378242,0,0.001838222553862663,0.002759498889318159,0.00389151717706505,0.005155422644507358
0.002759498889318159,0.002217319649637031,0.001673720681814422,0.001186845683147944,0.0007906096687200192,0,0,0,0,0,0,0.0007906096687200192,0.001186845683147944,0.001673720681814422,0.002217319649637031,0.002759498889318159,0.003226181053686119,0.003543266711206109,0.003655742070297929,0.003543266711206109,0.003226181053686119,0.002759498889318159,0.002217319649637031,0.001673720681814422,0.001186845683147944,0.0007906096687200192,0,0,0.001838222553862663,0.002759498889318159,0.00389151717706505,0.005155422644507358,0.006416027145122064,0.007501095686486469,0.00823834192849522,0.008499854973448386,0.00823834192849522,0.007501095686486469,0.006416027145122064,0.005155422644507358,0.00389151717706505,0.002759498889318159,0.001838222553862663,0,0,0,0,0,0,0,0,0,0.002149099895885654,0.003226181053686119,0.004549644515292227,0.00602729971149352,0.007501095686486469,0.008769669333553833,0.009631597514455409,0.009937337239224112,0.01178069741034106,0.01199585038723995,0.0120507402017787,0.01205459942298704,0.0120507402017787,0.01199585038723995,0.01178069741034106,0.009937337239224112,0.009631597514455409,0.008769669333553833,0.007501095686486469,0.00602729971149352,0.004549644515292227,0.003226181053686119,0.002149099895885654,0,0,0,0,0,0,0,0.000526659579378242,0.0007906096687200192,0.001114938338292962,0.001477053317493005,0.001838222553862663,0.002675759475263896,0.003150934149408329,0.003550187560801869,0.003837377798181314,0.003987322449748316,0.003987322449748316,0.003837377798181314,0.003550187560801869,0.003150934149408329,0.002675759475263896,0.001838222553862663,0.001477053317493005,0.001114938338292962,0.0007906096687200192,0.000526659579378242,0,0,0,0,0,0.002360324480688309,0.003543266711206109,0.004996806964828454,0.006619693709314979,0.00823834192849522,0.009631597514455409,0.01057824042755217,0.01091402982406744,0.01293856490824048,0.01317486422566152,0.01323514889332367,0.01323938741862996,0.01323514889332367,0.01317486422566152,0.01293856490824048,0.01091402982406744,0.01057824042755217,0.01042220718317543,0.009425187611643165,0.0082934143911294,0.007214126614465485,0.006302765600524268,0.005586505534374429,0.003543266711206109,0.003655742070297929,0.003543266711206109,0.003226181053686119,0.002759498889318159,0.002217319649637031,0.001673720681814422,0.001186845683147944,0.0007906096687200192,0,0.002149099895885654,0.003226181053686119,0.004549644515292227,0.00602729971149352
0.001838222553862663,0.001477053317493005,0.001114938338292962,0.0007906096687200192,0.000526659579378242,0,0,0,0,0,0,0.000526659579378242,0.0007906096687200192,0.001114938338292962,0.001477053317493005,0.001838222553862663,0.002149099895885654,0.002360324480688309,0.002435249222508907,0.002360324480688309,0.002149099895885654,0.001838222553862663,0.001477053317493005,0.001114938338292962,0.0007906096687200192,0.000526659579378242,0,0,0.002149099895885654,0.003226181053686119,0.004549644515292227,0.00602729971149352,0.007501095686486469,0.008769669333553833,0.009631597514455409,0.009937337239224112,0.009631597514455409,0.008769669333553833,0.007501095686486469,0.00602729971149352,0.004549644515292227,0.003226181053686119,0.002149099895885654,0,0,0,0,0,0,0,0,0,0.001838222553862663,0.002759498889318159,0.00389151717706505,0.005155422644507358,0.006416027145122064,0.007501095686486469,0.00823834192849522,0.008499854973448386,0.01059866640918353,0.01104436239769258,0.01141283410995052,0.01177511635382234,0.01212985910556027,0.01239109640377357,0.01241646298141483,0.01091402982406744,0.01057824042755217,0.009631597514455409,0.00823834192849522,0.006619693709314979,0.004996806964828454,0.003543266711206109,0.002360324480688309,0,0,0,0,0,0,0,0.0007906096687200192,0.001186845683147944,0.001673720681814422,0.002217319649637031,0.002759498889318159,0.004016790722406138,0.004730112394354053,0.005329462752112352,0.00576058636084314,0.005985679943004278,0.005985679943004278,0.00576058636084314,0.005329462752112352,0.004730112394354053,0.004016790722406138,0.002759498889318159,0.002217319649637031,0.001673720681814422,0.001186845683147944,0.0007906096687200192,0,0,0,0,0,0.002149099895885654,0.003226181053686119,0.004549644515292227,0.00602729971149352,0.007501095686486469,0.008769669333553833,0.009631597514455409,0.009937337239224112,0.01178069741034106,0.01199585038723995,0.0120507402017787,0.01205459942298704,0.0120507402017787,0.01199585038723995,0.01178069741034106,0.009937337239224112,0.009631597514455409,0.009884607671846795,0.009174816368300892,0.008387624192181829,0.007676566412962724,0.007117698230751169,0.006698744411177881,0.004996806964828454,0.005155422644507358,0.004996806964828454,0.004549644515292227,0.00389151717706505,0.003126921897670497,0.002360324480688309,0.001673720681814422,0.001114938338292962,0,0.002360324480688309,0.003543266711206109,0.004996806964828454,0.006619693709314979
