0,0,0,0,0,0,0,0,0,0,0,0,0,0,0,0,0,0,0,0,0,0,0,0,0,0,0,0,0,0,0,0,0,0,0,0,0,0,0,0,0,0,0,0,0,0,0,0,0,0,0,0,0,0,0,0,0,0,0,0,0,0,0,0,0,0,0,0,0,0,0,0,0,0,0,0,0,0,0,0,0,0,0,0,0,0,0,0,0,0,0,0,0,0,0,0,0,0,0,0,0,0,0,0,0,0,0,0,0,0,0,0,0,0,0,0,0,0,0,0,0,0,0,0,0,0,0,0
0,0,0,0,0,0,0,0,0,0,0,0,0,0,0,0,0,0,0,0,0,0,0,0,0,0,0,0,0,0,0,0,0,0,0,0,0,0,0,0,0,0,0,0,0,0,0,0,0,0,0,0.000526659579378242,0.0007906096687200192,0.001114938338292962,0.001477053317493005,0.001838222553862663,0.002149099895885654,0.002360324480688309,0.002435249222508907,0.002360324480688309,0.002149099895885654,0.001838222553862663,0.001477053317493005,0.001114938338292962,0.0007906096687200192,0.000526659579378242,0,0,0,0,0,0,0,0,0.000526659579378242,0.0007906096687200192,0.001114938338292962,0.001477053317493005,0.001838222553862663,0.002149099895885654,0.002360324480688309,0.002961908801887149,0.003150934149408329,0.003264038234178617,0.003315275871355668,0.003315275871355668,0.003264038234178617,0.003150934149408329,0.002961908801887149,0.002360324480688309,0.002149099895885654,0.001838222553862663,0.001477053317493005,0.001114938338292962,0.0007906096687200192,0.000526659579378242,0.000526659579378242,0.0007906096687200192,0.001114938338292962,0.001477053317493005,0.001838222553862663,0.002149099895885654,0.002360324480688309,0.002435249222508907,0.002360324480688309,0.002149099895885654,0.001838222553862663,0.001477053317493005,0.001114938338292962,0.0007906096687200192,0.000526659579378242,0,0,0,0,0,0,0,0,0,0,0,0,0,0,0,0,0
0,0,0,0,0,0,0,0,0,0,0,0,0,0,0,0,0,0,0,0,0,0,0,0,0,0,0,0,0,0,0,0,0,0,0,0,0,0,0,0,0,0,0,0,0,0,0,0,0,0,0,0.0007906096687200192,0.001186845683147944,0.001673720681814422,0.002217319649637031,0.002759498889318159,0.003226181053686119,0.003543266711206109,0.003655742070297929,0.003543266711206109,0.003226181053686119,0.002759498889318159,0.002217319649637031,0.001673720681814422,0.001186845683147944,0.0007906096687200192,0,0,0,0,0,0,0,0,0.0007906096687200192,0.001186845683147944,0.001673720681814422,0.002217319649637031,0.002759498889318159,0.003226181053686119,0.003543266711206109,0.004446351739017949,0.004730112394354053,0.004899901735500541,0.00497681853895519,0.00497681853895519,0.004899901735500541,0.004730112394354053,0.004446351739017949,0.003543266711206109,0.003752840633064361,0.003550108558038178,0.003332257987929994,0.003150773999307427,0.003025068237010607,0.002939709564605673,0.003150934149408329,0.003622094905656851,0.004034045162502732,0.004366419545522686,0.004597721443180821,0.004703234371179124,0.004658205049499071,0.004446351739017949,0.004069926290584351,0.003226181053686119,0.002759498889318159,0.002217319649637031,0.001673720681814422,0.001186845683147944,0.0007906096687200192,0,0,0,0,0,0,0,0,0,0,0,0,0,0,0,0,0
0,0,0,0,0,0,0,0,0,0,0,0,0,0,0,0,0,0,0,0,0,0,0,0,0,0,0,0,0,0,0,0,0,0,0,0,0,0,0,0,0,0,0,0,0,0,0,0,0,0,0,0.001114938338292962,0.001673720681814422,0.002360324480688309,0.003126921897670497,0.00389151717706505,0.004549644515292227,0.004996806964828454,0.005155422644507358,0.004996806964828454,0.004549644515292227,0.00389151717706505,0.003126921897670497,0.002360324480688309,0.001673720681814422,0.001114938338292962,0,0,0,0,0,0,0,0,0.001114938338292962,0.001673720681814422,0.002360324480688309,0.003126921897670497,0.00389151717706505,0.004549644515292227,0.004996806964828454,0.00627036098280032,0.006670527646642875,0.006909968995980537,0.007018439074735547,0.007018439074735547,0.006909968995980537,0.006670527646642875,0.00627036098280032,0.004996806964828454,0.005340254184012246,0.005078362860212994,0.004800642579484919,0.004577644130325341,0.004433219571132581,0.004341119391979081,0.004658205049499071,0.005329462752112352,0.005903591191894418,0.006353102951356616,0.006651016066383209,0.006766964164929258,0.006670527646642875,0.006342268327655302,0.005787416633548472,0.004549644515292227,0.00389151717706505,0.003126921897670497,0.002360324480688309,0.001673720681814422,0.001114938338292962,0,0,0,0,0,0,0,0,0,0,0,0,0,0,0,0,0
0,0,0,0,0,0,0,0,0,0,0,0,0,0,0,0,0,0,0,0,0,0,0,0,0,0,0,0,0,0,0,0,0,0,0,0,0,0,0,0,0,0,0,0,0,0,0,0,0,0,0,0.001477053317493005,0.002217319649637031,0.003126921897670497,0.004142498471769416,0.005155422644507358,0.00602729971149352,0.006619693709314979,0.00682982534424901,0.006619693709314979,0.00602729971149352,0.005155422644507358,0.004142498471769416,0.003126921897670497,0.002217319649637031,0.001477053317493005,0,0,0,0,0,0,0,0,0.001477053317493005,0.002217319649637031,0.003126921897670497,0.004142498471769416,0.005155422644507358,0.00602729971149352,0.006619693709314979,0.008306878661742016,0.00883701335895201,0.009154221609164017,0.009297921116276774,0.009297921116276774,0.009154221609164017,0.00883701335895201,0.008306878661742016,0.006619693709314979,0.007142238049786483,0.00682914332632178,0.006502822952457726,0.006253843795340994,0.006108836826702081,0.006026697832785232,0.006473860282321458,0.007372742294144389,0.008123728862498951,0.008692142987061642,0.009046939821572408,0.009154221609164017,0.008980018190003288,0.008503546026063432,0.007734632047607941,0.00602729971149352,0.005155422644507358,0.004142498471769416,0.003126921897670497,0.002217319649637031,0.001477053317493005,0,0,0,0,0,0,0,0,0,0,0,0,0,0,0,0,0
0,0,0,0,0,0,0,0,0,0,0,0,0,0,0,0,0,0,0,0,0,0,0,0,0,0,0,0,0,0,0.000526659579378242,0.0007906096687200192,0.001114938338292962,0.001477053317493005,0.001838222553862663,0.002149099895885654,0.002360324480688309,0.002435249222508907,0.002360324480688309,0.002149099895885654,0.001838222553862663,0.001477053317493005,0.001114938338292962,0.0007906096687200192,0.000526659579378242,0,0,0,0,0,0,0.001838222553862663,0.002759498889318159,0.00389151717706505,0.005155422644507358,0.006416027145122064,0.007501095686486469,0.00823834192849522,0.008499854973448386,0.00823834192849522,0.007501095686486469,0.006416027145122064,0.005155422644507358,0.00389151717706505,0.002759498889318159,0.001838222553862663,0,0,0,0,0,0,0,0,0.001838222553862663,0.002759498889318159,0.00389151717706505,0.005155422644507358,0.006416027145122064,0.007501095686486469,0.00823834192849522,0.01033807752731105,0.01099784081781338,0.01139261286355152,0.01157144978962942,0.01157144978962942,0.01139261286355152,0.01099784081781338,0.01033807752731105,0.00823834192849522,0.008978149003979474,0.008633346794759095,0.008282344542177855,0.008034015648834466,0.007914921533825517,0.007865522265356183,0.00845791626317764,0.009589324233567169,0.01051121088638003,0.01118272235600088,0.01157144978962942,0.01164359415825588,0.01136526382616572,0.01071717462308542,0.009715395245988225,0.007501095686486469,0.006416027145122064,0.005155422644507358,0.00389151717706505,0.002759498889318159,0.001838222553862663,0,0,0,0,0,0,0,0,0,0,0,0,0,0,0,0,0
0,0,0,0,0,0,0,0,0,0,0,0,0,0,0,0,0,0,0,0,0,0,0,0,0,0,0,0,0,0,0.0007906096687200192,0.001186845683147944,0.001673720681814422,0.002217319649637031,0.002759498889318159,0.003226181053686119,0.003543266711206109,0.003655742070297929,0.003543266711206109,0.003226181053686119,0.002759498889318159,0.002217319649637031,0.001673720681814422,0.001186845683147944,0.0007906096687200192,0,0,0,0,0,0,0.002149099895885654,0.003226181053686119,0.004549644515292227,0.00602729971149352,0.007501095686486469,0.008769669333553833,0.009631597514455409,0.009937337239224112,0.009631597514455409,0.008769669333553833,0.007501095686486469,0.00602729971149352,0.004549644515292227,0.003226181053686119,0.002149099895885654,0,0,0,0,0,0,0,0,0.002149099895885654,0.003226181053686119,0.004549644515292227,0.00602729971149352,0.007501095686486469,0.008769669333553833,0.01015825709383365,0.01287704680382979,0.01397271690643449,0.01479636716633907,0.01536661795184265,0.01567749529386564,0.01567963832953437,0.01529302779065043,0.01444676161579807,0.01178069741034106,0.01244611444127916,0.01173764789329763,0.01103375522685153,0.0104956768285196,0.01016886777818642,0.009650195582372123,0.01038744182438087,0.01172603602713451,0.01278798644378745,0.01352839539797999,0.01391712283160853,0.01392509197806119,0.01352311469152046,0.01269683612854227,0.01146982006831807,0.008769669333553833,0.007501095686486469,0.00602729971149352,0.004549644515292227,0.003226181053686119,0.002149099895885654,0,0,0,0,0,0,0,0,0,0,0,0,0,0,0,0,0
0,0,0,0,0,0,0,0,0,0,0,0,0,0,0,0,0,0,0,0,0,0,0,0,0,0,0,0,0,0,0.001114938338292962,0.001673720681814422,0.002360324480688309,0.003126921897670497,0.00389151717706505,0.004549644515292227,0.004996806964828454,0.005155422644507358,0.004996806964828454,0.004549644515292227,0.00389151717706505,0.003126921897670497,0.002360324480688309,0.001673720681814422,0.001114938338292962,0,0,0,0,0,0,0.002360324480688309,0.003543266711206109,0.004996806964828454,0.006619693709314979,0.00823834192849522,0.009631597514455409,0.01057824042755217,0.01091402982406744,0.01057824042755217,0.009631597514455409,0.00823834192849522,0.006619693709314979,0.004996806964828454,0.003543266711206109,0.002360324480688309,0,0,0,0,0,0,0,0,0.002360324480688309,0.003543266711206109,0.004996806964828454,0.006619693709314979,0.00823834192849522,0.009631597514455409,0.01136885009627219,0.01446119998790369,0.0157952278205727,0.01684572412892089,0.01761753452712836,0.01808421669149632,0.01817167119048997,0.0177772492090562,0.01681762101596185,0.01380442148123829,0.01454019629965922,0.01368184263181837,0.01284305890642163,0.01221095235946992,0.0118349720664126,0.01112999381424214,0.01199192199514372,0.01348060395043022,0.01462840447928386,0.01538936304286881,0.01573943761498169,0.01565889722594893,0.01512788494284439,0.01414021087775355,0.01272734032343782,0.009631597514455409,0.00823834192849522,0.006619693709314979,0.004996806964828454,0.003543266711206109,0.002360324480688309,0,0,0,0,0,0,0,0,0,0,0,0,0,0,0,0,0
0,0,0,0,0,0,0,0,0,0,0,0,0,0,0,0,0,0,0,0,0,0,0,0,0,0,0,0,0,0,0.001477053317493005,0.002217319649637031,0.003126921897670497,0.004142498471769416,0.005155422644507358,0.00602729971149352,0.006619693709314979,0.00682982534424901,0.006619693709314979,0.00602729971149352,0.005155422644507358,0.004142498471769416,0.003126921897670497,0.002217319649637031,0.001477053317493005,0,0,0,0,0,0,0.002435249222508907,0.003655742070297929,0.005155422644507358,0.00682982534424901,0.008499854973448386,0.009937337239224112,0.01091402982406744,0.01126047832023017,0.01091402982406744,0.009937337239224112,0.008499854973448386,0.00682982534424901,0.005155422644507358,0.003655742070297929,0.002435249222508907,0,0,0,0,0,0,0,0,0.002435249222508907,0.003655742070297929,0.005155422644507358,0.00682982534424901,0.008499854973448386,0.009937337239224112,0.0120289681623604,0.0153694482245535,0.01693009637505367,0.01821968178140197,0.01922119749476245,0.01987932483298962,0.02008956684855992,0.01972519453887273,0.01869253450756753,0.01546367433935966,0.01618917889697747,0.01517004358232499,0.01418695678976577,0.01344883703563676,0.01300902233708611,0.01206684673696432,0.01301348965006107,0.01456977189436537,0.01573366307205952,0.01646142285870442,0.01673819690194361,0.01655703094853909,0.01591083678889589,0.01480374503143628,0.01327435430475575,0.009937337239224112,0.008499854973448386,0.00682982534424901,0.005155422644507358,0.003655742070297929,0.002435249222508907,0,0,0,0,0,0,0,0,0,0,0,0,0,0,0,0,0
0.002360324480688309,0.002149099895885654,0.001838222553862663,0.001477053317493005,0.001114938338292962,0.0007906096687200192,0.000526659579378242,0,0,0,0,0,0,0,0,0,0,0,0,0,0,0,0,0,0,0,0,0,0,0,0.001838222553862663,0.002759498889318159,0.00389151717706505,0.005155422644507358,0.006416027145122064,0.007501095686486469,0.00823834192849522,0.008499854973448386,0.00823834192849522,0.007501095686486469,0.006416027145122064,0.005155422644507358,0.00389151717706505,0.002759498889318159,0.001838222553862663,0,0,0,0,0,0,0.002360324480688309,0.003543266711206109,0.004996806964828454,0.006619693709314979,0.00823834192849522,0.009631597514455409,0.01057824042755217,0.01091402982406744,0.01057824042755217,0.009631597514455409,0.00823834192849522,0.006619693709314979,0.004996806964828454,0.003543266711206109,0.002886984060066552,0.0007906096687200192,0.001114938338292962,0.001477053317493005,0.001838222553862663,0.002149099895885654,0.002360324480688309,0.002435249222508907,0.002360324480688309,0.004509424376573964,0.005381489265068771,0.006473860282321458,0.007734632047607941,0.009028951597215239,0.01015825709383365,0.01205529374504517,0.01549167395439278,0.01724842903642877,0.01877090295105328,0.02001345828231756,0.02088533534930372,0.02124809818859884,0.02095133248300728,0.01989404801407072,0.01660554013904569,0.01722226938147167,0.01603658247056257,0.01490203825149283,0.0140439519587145,0.0135201750021475,0.01229766171991242,0.01327435430475575,0.01480374503143628,0.01591083678889589,0.01655703094853909,0.01673819690194361,0.01646142285870442,0.01573366307205952,0.01456977189436537,0.01301348965006107,0.009631597514455409,0.00823834192849522,0.006619693709314979,0.004996806964828454,0.003543266711206109,0.002360324480688309,0,0,0,0,0,0,0,0,0,0,0,0,0,0,0,0,0
0.003543266711206109,0.003226181053686119,0.002759498889318159,0.002217319649637031,0.001673720681814422,0.001186845683147944,0.0007906096687200192,0,0,0,0,0,0,0,0,0,0,0,0,0,0,0,0,0,0,0,0,0,0,0,0.002149099895885654,0.003226181053686119,0.004549644515292227,0.00602729971149352,0.007501095686486469,0.008769669333553833,0.009631597514455409,0.009937337239224112,0.009631597514455409,0.008769669333553833,0.007501095686486469,0.00602729971149352,0.004549644515292227,0.003226181053686119,0.002149099895885654,0,0,0,0,0,0,0.002149099895885654,0.003226181053686119,0.004549644515292227,0.00602729971149352,0.008027755265864711,0.009560279002273853,0.01074653585274837,0.01141439055671712,0.01146982006831807,0.01091876922943949,0.009861420167174778,0.008462548934002428,0.006909968995980537,0.005375280949571773,0.004777932118468335,0.002663899000640949,0.002788659020107384,0.003007929318357051,0.003286158468696401,0.003226181053686119,0.003543266711206109,0.003655742070297929,0.003543266711206109,0.005375280949571773,0.005985679943004278,0.006766964164929258,0.007701020393307942,0.008687941369634414,0.009560279002273853,0.01146982006831807,0.01484593602442792,0.01674929574520658,0.01847473649335342,0.01994442254310205,0.02102949108446646,0.02155765577734128,0.02135763354158991,0.02032477906360498,0.01713269320094188,0.01754602095936421,0.01619978504219994,0.01491562385338702,0.01392883711392537,0.013302745536044,0.01178069741034106,0.01272734032343782,0.01414021087775355,0.01512788494284439,0.01565889722594893,0.01573943761498169,0.01538936304286881,0.01462840447928386,0.01348060395043022,0.01199192199514372,0.008769669333553833,0.007501095686486469,0.00602729971149352,0.004549644515292227,0.003226181053686119,0.002149099895885654,0,0,0,0,0,0,0,0,0,0,0,0,0,0,0,0,0
0.004996806964828454,0.004549644515292227,0.00389151717706505,0.003126921897670497,0.002360324480688309,0.001673720681814422,0.001114938338292962,0,0,0,0,0,0,0,0,0,0,0,0,0,0,0,0,0,0,0,0,0,0,0,0.002360324480688309,0.003543266711206109,0.004996806964828454,0.006619693709314979,0.00823834192849522,0.009631597514455409,0.01057824042755217,0.01091402982406744,0.01057824042755217,0.009631597514455409,0.00823834192849522,0.006619693709314979,0.004996806964828454,0.003543266711206109,0.002360324480688309,0,0,0,0,0,0,0.001838222553862663,0.002759498889318159,0.00389151717706505,0.005155422644507358,0.007206636813842083,0.008687941369634414,0.009912062610309642,0.01071717462308542,0.01099784081781338,0.01072727674017259,0.009959293856328173,0.008811164714805288,0.007434783888271158,0.005985679943004278,0.005712659781473783,0.003891040331451453,0.004034045162502732,0.004313767580818442,0.004682126845785069,0.004549644515292227,0.004996806964828454,0.005155422644507358,0.004996806964828454,0.006387867069154889,0.006651016066383209,0.007018439074735547,0.007515747125195668,0.008089747826936486,0.008616034024779432,0.01038744182438087,0.01356425858099717,0.0155474853331056,0.01741991257504504,0.01907254547611589,0.02034111912318326,0.02102421037800693,0.02093517805703749,0.01996967504176646,0.01700801126204905,0.01715129126885859,0.0156695079103017,0.01425471167509181,0.01314499794224469,0.01240969447169028,0.0106078918874165,0.01146982006831807,0.01269683612854227,0.01352311469152046,0.01392509197806119,0.01391712283160853,0.01352839539797999,0.01278798644378745,0.01172603602713451,0.01038744182438087,0.007501095686486469,0.006416027145122064,0.005155422644507358,0.00389151717706505,0.002759498889318159,0.001838222553862663,0,0.000526659579378242,0.0007906096687200192,0.001114938338292962,0.001477053317493005,0.001838222553862663,0.002149099895885654,0.002360324480688309,0.002435249222508907,0.002360324480688309,0.002149099895885654,0.001838222553862663,0.001477053317493005,0.001114938338292962,0.001317269248098261,0.001317269248098261,0.001114938338292962
0.006619693709314979,0.00602729971149352,0.005155422644507358,0.004142498471769416,0.003126921897670497,0.002217319649637031,0.001477053317493005,0,0,0,0,0,0,0,0,0,0,0,0,0,0,0,0,0,0,0,0,0,0,0,0.002435249222508907,0.003655742070297929,0.005155422644507358,0.00682982534424901,0.008499854973448386,0.009937337239224112,0.01091402982406744,0.01126047832023017,0.01091402982406744,0.009937337239224112,0.008499854973448386,0.00682982534424901,0.005155422644507358,0.003655742070297929,0.002435249222508907,0,0,0,0,0,0,0.001477053317493005,0.002217319649637031,0.003126921897670497,0.004142498471769416,0.00627036098280032,0.007701020393307942,0.008980018190003288,0.009956747241919507,0.01051121088638003,0.01057694422678575,0.01015222960933581,0.009297921116276774,0.008123728862498951,0.006766964164929258,0.00684562381205106,0.005344241547307529,0.005487246378358806,0.005816219153583838,0.00627036098280032,0.00602729971149352,0.006619693709314979,0.00682982534424901,0.006619693709314979,0.007504353028986525,0.007372742294144389,0.007269420369439913,0.007269420369439913,0.007372742294144389,0.007504353028986525,0.008980018190003288,0.01185014537294812,0.01383382032378046,0.015773915318479,0.01753626304477199,0.01892951863073218,0.01973246203671618,0.01975104318301945,0.01888511908929418,0.01625129122377039,0.0161038641938514,0.01453461524314049,0.01303082261366292,0.01182561125338396,0.0109936712754474,0.008978149003979474,0.009715395245988225,0.01071717462308542,0.01136526382616572,0.01164359415825588,0.01157144978962942,0.01118272235600088,0.01051121088638003,0.009589324233567169,0.00845791626317764,0.00602729971149352,0.005155422644507358,0.004142498471769416,0.003126921897670497,0.002217319649637031,0.001477053317493005,0,0.0007906096687200192,0.001186845683147944,0.001673720681814422,0.002217319649637031,0.002759498889318159,0.003226181053686119,0.003543266711206109,0.003655742070297929,0.003543266711206109,0.003226181053686119,0.002759498889318159,0.002217319649637031,0.001673720681814422,0.001977455351867964,0.001977455351867964,0.001673720681814422
0.00823834192849522,0.007501095686486469,0.006416027145122064,0.005155422644507358,0.00389151717706505,0.002759498889318159,0.001838222553862663,0,0,0,0,0.000526659579378242,0.0007906096687200192,0.001114938338292962,0.001477053317493005,0.001838222553862663,0.002149099895885654,0.002360324480688309,0.002435249222508907,0.002360324480688309,0.002149099895885654,0.001838222553862663,0.001477053317493005,0.001114938338292962,0.0007906096687200192,0.000526659579378242,0,0,0,0,0.002360324480688309,0.003543266711206109,0.004996806964828454,0.006619693709314979,0.00823834192849522,0.009631597514455409,0.01057824042755217,0.01091402982406744,0.01057824042755217,0.009631597514455409,0.00823834192849522,0.006619693709314979,0.005523466544206696,0.004333876379926127,0.003475262818981272,0.001477053317493005,0.001838222553862663,0.002149099895885654,0.002360324480688309,0.002435249222508907,0.002360324480688309,0.003264038234178617,0.003511943235677085,0.003837377798181314,0.004241860235963459,0.006159180163278074,0.0072936237443075,0.008123728862498951,0.009297921116276774,0.01015222960933581,0.01057694422678575,0.01051121088638003,0.009956747241919507,0.008980018190003288,0.007701020393307942,0.008108583536662982,0.006901997361087575,0.007018439074735547,0.007372742294144389,0.007893080462615068,0.007501095686486469,0.00823834192849522,0.008499854973448386,0.00823834192849522,0.008616034024779432,0.008089747826936486,0.007515747125195668,0.007018439074735547,0.006651016066383209,0.006387867069154889,0.00743205618733736,0.00992610305309825,0.01182595029115023,0.01373979434022955,0.01551829404818393,0.01695577631395966,0.01782399882004797,0.01793100596687304,0.01718439080686776,0.01493414420405257,0.01452655280623362,0.01293866217095109,0.01140926643984835,0.01015856502275565,0.009264392548830687,0.007142238049786483,0.007734632047607941,0.008503546026063432,0.008980018190003288,0.009154221609164017,0.009046939821572408,0.008692142987061642,0.008123728862498951,0.007372742294144389,0.006473860282321458,0.004549644515292227,0.00389151717706505,0.003126921897670497,0.002360324480688309,0.001673720681814422,0.001114938338292962,0,0.001114938338292962,0.001673720681814422,0.002360324480688309,0.003126921897670497,0.00389151717706505,0.004549644515292227,0.004996806964828454,0.005155422644507358,0.004996806964828454,0.004549644515292227,0.00389151717706505,0.003126921897670497,0.002360324480688309,0.002788659020107384,0.002788659020107384,0.002360324480688309
0.009631597514455409,0.008769669333553833,0.007501095686486469,0.00602729971149352,0.004549644515292227,0.003226181053686119,0.002149099895885654,0,0,0,0,0.0007906096687200192,0.001186845683147944,0.001673720681814422,0.002217319649637031,0.002759498889318159,0.003226181053686119,0.003543266711206109,0.003655742070297929,0.003543266711206109,0.003226181053686119,0.002759498889318159,0.002217319649637031,0.001673720681814422,0.001186845683147944,0.0007906096687200192,0,0,0,0,0.002149099895885654,0.003226181053686119,0.004549644515292227,0.00602729971149352,0.007501095686486469,0.008769669333553833,0.009631597514455409,0.009937337239224112,0.009631597514455409,0.008769669333553833,0.007501095686486469,0.00602729971149352,0.005340254184012246,0.004413026736834063,0.003822820577700076,0.002217319649637031,0.002759498889318159,0.003226181053686119,0.003543266711206109,0.003655742070297929,0.003543266711206109,0.004016790722406138,0.003946344572466103,0.003891040331451453,0.003891040331451453,0.005784567126328766,0.006776289611724296,0.007434783888271158,0.008811164714805288,0.009959293856328173,0.01072727674017259,0.01099784081781338,0.01071717462308542,0.009912062610309642,0.008687941369634414,0.009355736709727737,0.008381603698193477,0.008441161692357277,0.008786798600811678,0.009339318240349132,0.008769669333553833,0.009631597514455409,0.009937337239224112,0.009631597514455409,0.009560279002273853,0.008687941369634414,0.007701020393307942,0.006766964164929258,0.005985679943004278,0.005375280949571773,0.005903591191894418,0.007989618450224058,0.009726919359182507,0.01151959544481552,0.01321516046745041,0.0146084160534106,0.01547814216305271,0.01564414221842149,0.01502459216657012,0.01317486422566152,0.0125794613204743,0.01105291328044756,0.009574451095153796,0.008343909290691029,0.007438687340901304,0.005340254184012246,0.005787416633548472,0.006342268327655302,0.006670527646642875,0.006766964164929258,0.006651016066383209,0.006353102951356616,0.005903591191894418,0.005329462752112352,0.004658205049499071,0.003226181053686119,0.002759498889318159,0.002217319649637031,0.001673720681814422,0.001186845683147944,0.0007906096687200192,0,0.001477053317493005,0.002217319649637031,0.003126921897670497,0.004142498471769416,0.005155422644507358,0.00602729971149352,0.006619693709314979,0.00682982534424901,0.006619693709314979,0.00602729971149352,0.005155422644507358,0.004142498471769416,0.003126921897670497,0.003694372967130036,0.003694372967130036,0.003126921897670497
0.01169317876584513,0.01110865083194841,0.01007656448235788,0.008768793605200633,0.007357131445516763,0.005978515933715015,0.004720648961376619,0.002149099895885654,0.001838222553862663,0.001477053317493005,0.001114938338292962,0.001905548007012982,0.002200380261192664,0.002360324480688309,0.003126921897670497,0.00389151717706505,0.004549644515292227,0.004996806964828454,0.005155422644507358,0.004996806964828454,0.005076304094670469,0.004682126845785069,0.004241860235963459,0.003837377798181314,0.003511943235677085,0.003264038234178617,0.002360324480688309,0.002435249222508907,0.002360324480688309,0.002149099895885654,0.003676445107725325,0.004236552206811163,0.005006455515358012,0.005946032313227377,0.006942686724500306,0.007501095686486469,0.00823834192849522,0.008499854973448386,0.00823834192849522,0.007501095686486469,0.006416027145122064,0.005155422644507358,0.005006455515358012,0.004433219571132581,0.004198547034550972,0.003126921897670497,0.00389151717706505,0.004549644515292227,0.004996806964828454,0.005155422644507358,0.004996806964828454,0.005076304094670469,0.004682126845785069,0.004241860235963459,0.003837377798181314,0.005661043131562739,0.006490219287864736,0.006909968995980537,0.008462548934002428,0.009861420167174778,0.01091876922943949,0.01146982006831807,0.01141439055671712,0.01074653585274837,0.009560279002273853,0.01038807974655302,0.009570566422699628,0.00954645148012068,0.009845874763001097,0.01038744182438087,0.009631597514455409,0.01057824042755217,0.01091402982406744,0.01057824042755217,0.01015825709383365,0.009028951597215239,0.007734632047607941,0.006473860282321458,0.005381489265068771,0.004509424376573964,0.004509424376573964,0.00671474943495151,0.008491188333420574,0.0104062762839651,0.01229342487533514,0.01392316775877216,0.01504473564451968,0.01544859586932075,0.01502875553885146,0.01349031829493045,0.0125899051469778,0.01089059050236679,0.009177471832092658,0.007673377379909075,0.00648981812264385,0.004279500212442603,0.004069926290584351,0.004446351739017949,0.004658205049499071,0.004703234371179124,0.004597721443180821,0.004366419545522686,0.004034045162502732,0.003622094905656851,0.003150934149408329,0.002149099895885654,0.001838222553862663,0.001477053317493005,0.001114938338292962,0.0007906096687200192,0.000526659579378242,0,0.001838222553862663,0.002759498889318159,0.00389151717706505,0.005155422644507358,0.006416027145122064,0.007501095686486469,0.00823834192849522,0.008499854973448386,0.00823834192849522,0.007501095686486469,0.006416027145122064,0.005155422644507358,0.00389151717706505,0.004597721443180821,0.004597721443180821,0.00389151717706505
0.01258775050588186,0.01215465688886114,0.01125935386276654,0.01005600639793513,0.008698689355713466,0.007311484140595859,0.005978515933715015,0.003226181053686119,0.002759498889318159,0.002217319649637031,0.001673720681814422,0.002663899000640949,0.003007929318357051,0.003126921897670497,0.004142498471769416,0.005155422644507358,0.00602729971149352,0.006619693709314979,0.00682982534424901,0.006619693709314979,0.006817909380213539,0.006342268327655302,0.005816219153583838,0.005344241547307529,0.00497681853895519,0.004703234371179124,0.003543266711206109,0.003655742070297929,0.003543266711206109,0.003226181053686119,0.004236552206811163,0.004434639299274063,0.004800642579484919,0.00532934415491736,0.005946032313227377,0.00602729971149352,0.006619693709314979,0.00682982534424901,0.006619693709314979,0.00602729971149352,0.005155422644507358,0.004142498471769416,0.004603975215163501,0.004434639299274063,0.004603975215163501,0.004142498471769416,0.005155422644507358,0.00602729971149352,0.006619693709314979,0.00682982534424901,0.006619693709314979,0.00602729971149352,0.005155422644507358,0.004142498471769416,0.003126921897670497,0.004577644130325341,0.005020320028699113,0.004996806964828454,0.006619693709314979,0.00823834192849522,0.009631597514455409,0.01057824042755217,0.01091402982406744,0.01057824042755217,0.009631597514455409,0.01067359115100413,0.01027543577961291,0.01015222960933581,0.01037309205545512,0.01086017945413669,0.009937337239224112,0.01091402982406744,0.01126047832023017,0.01091402982406744,0.009937337239224112,0.008499854973448386,0.00682982534424901,0.005155422644507358,0.003655742070297929,0.002435249222508907,0.001838222553862663,0.003550108558038178,0.005078362860212994,0.00682914332632178,0.008633346794759095,0.01026059457580463,0.01146452298218134,0.01204312168465449,0.01189408399879315,0.01104436239769258,0.01016886777818642,0.008705531202545535,0.007223775164995044,0.005910272888625586,0.00486329079087327,0.002939709564605673,0.002360324480688309,0.002435249222508907,0.002360324480688309,0.002149099895885654,0.001838222553862663,0.001477053317493005,0.001114938338292962,0.0007906096687200192,0.000526659579378242,0,0,0,0,0,0,0,0.002149099895885654,0.003226181053686119,0.004549644515292227,0.00602729971149352,0.007501095686486469,0.008769669333553833,0.009631597514455409,0.009937337239224112,0.009631597514455409,0.008769669333553833,0.007501095686486469,0.00602729971149352,0.004549644515292227,0.005375280949571773,0.005375280949571773,0.004549644515292227
0.01293856490824048,0.01275851941212591,0.01212985910556027,0.01116933822460721,0.009993613929656907,0.008698689355713466,0.007357131445516763,0.004549644515292227,0.00389151717706505,0.003126921897670497,0.002360324480688309,0.003511943235677085,0.003874437227611121,0.00389151717706505,0.005155422644507358,0.006416027145122064,0.007501095686486469,0.00823834192849522,0.008499854973448386,0.00823834192849522,0.008616034024779432,0.008089747826936486,0.007515747125195668,0.007018439074735547,0.006651016066383209,0.006387867069154889,0.004996806964828454,0.005155422644507358,0.004996806964828454,0.004549644515292227,0.005006455515358012,0.004800642579484919,0.004720648961376619,0.004800642579484919,0.005006455515358012,0.004549644515292227,0.004996806964828454,0.005155422644507358,0.004996806964828454,0.004549644515292227,0.00389151717706505,0.003126921897670497,0.004198547034550972,0.004433219571132581,0.005006455515358012,0.005155422644507358,0.006416027145122064,0.007501095686486469,0.00823834192849522,0.008499854973448386,0.00823834192849522,0.007501095686486469,0.006416027145122064,0.005155422644507358,0.00389151717706505,0.005194748111827066,0.005493964624160592,0.005155422644507358,0.00682982534424901,0.008499854973448386,0.009937337239224112,0.01091402982406744,0.01126047832023017,0.01091402982406744,0.009937337239224112,0.01086017945413669,0.01037309205545512,0.01015222960933581,0.01027543577961291,0.01067359115100413,0.009631597514455409,0.01057824042755217,0.01091402982406744,0.01057824042755217,0.009631597514455409,0.00823834192849522,0.006619693709314979,0.004996806964828454,0.003543266711206109,0.002360324480688309,0.001477053317493005,0.003332257987929994,0.004800642579484919,0.006502822952457726,0.008282344542177855,0.009918816888558571,0.01116933822460721,0.01182663230907746,0.01177511635382234,0.01102410667632197,0.009705067159799585,0.008034015648834466,0.006253843795340994,0.004577644130325341,0.003150773999307427,0.001114938338292962,0,0,0,0,0,0,0,0,0,0,0,0,0,0,0,0,0.002360324480688309,0.003543266711206109,0.004996806964828454,0.006619693709314979,0.00823834192849522,0.009631597514455409,0.01057824042755217,0.01091402982406744,0.01057824042755217,0.009631597514455409,0.00823834192849522,0.006619693709314979,0.004996806964828454,0.005903591191894418,0.005903591191894418,0.004996806964828454
0.01275851941212591,0.01291216780532325,0.01265651833099383,0.01205459942298704,0.01116933822460721,0.01005600639793513,0.008768793605200633,0.00602729971149352,0.005155422644507358,0.004142498471769416,0.003126921897670497,0.004366419545522686,0.004703234371179124,0.004549644515292227,0.00602729971149352,0.007501095686486469,0.008769669333553833,0.009631597514455409,0.009937337239224112,0.009631597514455409,0.01024672265104684,0.009718415336123502,0.009154221609164017,0.008692142987061642,0.008381603698193477,0.008176399607379174,0.006619693709314979,0.00682982534424901,0.006619693709314979,0.00602729971149352,0.005946032313227377,0.00532934415491736,0.004800642579484919,0.004434639299274063,0.004236552206811163,0.003226181053686119,0.003543266711206109,0.003655742070297929,0.003543266711206109,0.003226181053686119,0.002759498889318159,0.002217319649637031,0.003822820577700076,0.004413026736834063,0.005340254184012246,0.00602729971149352,0.007501095686486469,0.008769669333553833,0.009631597514455409,0.009937337239224112,0.009631597514455409,0.008769669333553833,0.007501095686486469,0.00602729971149352,0.004549644515292227,0.005586505534374429,0.005692366607091763,0.004996806964828454,0.006619693709314979,0.00823834192849522,0.009631597514455409,0.01057824042755217,0.01091402982406744,0.01057824042755217,0.009631597514455409,0.01038744182438087,0.009845874763001097,0.00954645148012068,0.009570566422699628,0.009861420167174778,0.008769669333553833,0.009631597514455409,0.009937337239224112,0.009631597514455409,0.008769669333553833,0.007501095686486469,0.00602729971149352,0.004549644515292227,0.003226181053686119,0.002149099895885654,0.001114938338292962,0.003150773999307427,0.004577644130325341,0.006253843795340994,0.008034015648834466,0.009705067159799585,0.01102410667632197,0.01177511635382234,0.01182663230907746,0.01116933822460721,0.009918816888558571,0.008282344542177855,0.006502822952457726,0.004800642579484919,0.003332257987929994,0.001477053317493005,0,0,0,0,0,0,0,0,0,0,0,0,0,0,0,0,0.002435249222508907,0.003655742070297929,0.005155422644507358,0.00682982534424901,0.008499854973448386,0.009937337239224112,0.01091402982406744,0.01126047832023017,0.01091402982406744,0.009937337239224112,0.008499854973448386,0.00682982534424901,0.005155422644507358,0.006090991292806837,0.006090991292806837,0.005155422644507358
0.01212985910556027,0.01265651833099383,0.01283205429024413,0.01265651833099383,0.01212985910556027,0.01125935386276654,0.01007656448235788,0.007501095686486469,0.006416027145122064,0.005155422644507358,0.00389151717706505,0.005119823370006468,0.005381489265068771,0.004996806964828454,0.006619693709314979,0.00823834192849522,0.009631597514455409,0.01057824042755217,0.01091402982406744,0.01057824042755217,0.01146982006831807,0.01099784081781338,0.01051121088638003,0.01015222960933581,0.009959293856328173,0.009861420167174778,0.00823834192849522,0.008499854973448386,0.00823834192849522,0.007501095686486469,0.006942686724500306,0.005946032313227377,0.005006455515358012,0.004236552206811163,0.003676445107725325,0.002149099895885654,0.002360324480688309,0.002435249222508907,0.002360324480688309,0.002149099895885654,0.001838222553862663,0.001477053317493005,0.003475262818981272,0.004333876379926127,0.005523466544206696,0.006619693709314979,0.00823834192849522,0.009631597514455409,0.01057824042755217,0.01091402982406744,0.01057824042755217,0.009631597514455409,0.00823834192849522,0.006619693709314979,0.004996806964828454,0.005692366607091763,0.005586505534374429,0.004549644515292227,0.00602729971149352,0.007501095686486469,0.008769669333553833,0.009631597514455409,0.009937337239224112,0.009631597514455409,0.008769669333553833,0.009339318240349132,0.008786798600811678,0.008441161692357277,0.008381603698193477,0.008565127041007719,0.007501095686486469,0.00823834192849522,0.008499854973448386,0.00823834192849522,0.007501095686486469,0.006416027145122064,0.005155422644507358,0.00389151717706505,0.002759498889318159,0.001838222553862663,0.0007906096687200192,0.003025068237010607,0.004433219571132581,0.006108836826702081,0.007914921533825517,0.009642208198808183,0.01104436239769258,0.01189408399879315,0.01204312168465449,0.01146452298218134,0.01026059457580463,0.008633346794759095,0.00682914332632178,0.005078362860212994,0.003550108558038178,0.001838222553862663,0,0,0,0,0,0,0,0,0,0,0,0,0,0,0,0,0.002360324480688309,0.003543266711206109,0.004996806964828454,0.006619693709314979,0.00823834192849522,0.009631597514455409,0.01057824042755217,0.01091402982406744,0.01057824042755217,0.009631597514455409,0.00823834192849522,0.006619693709314979,0.004996806964828454,0.005903591191894418,0.005903591191894418,0.004996806964828454
0.01116933822460721,0.01205459942298704,0.01265651833099383,0.01291216780532325,0.01275851941212591,0.01215465688886114,0.01110865083194841,0.008769669333553833,0.007501095686486469,0.00602729971149352,0.004549644515292227,0.005661430276195025,0.005804841966183583,0.005155422644507358,0.00682982534424901,0.008499854973448386,0.009937337239224112,0.01091402982406744,0.01126047832023017,0.01091402982406744,0.01208643713510977,0.01172603602713451,0.01137946985954124,0.01118272235600088,0.0111568377567844,0.01120491855606274,0.009631597514455409,0.009937337239224112,0.009631597514455409,0.008769669333553833,0.007501095686486469,0.00602729971149352,0.004549644515292227,0.003226181053686119,0.002149099895885654,0,0,0,0,0,0,0,0.002435249222508907,0.003655742070297929,0.005155422644507358,0.00682982534424901,0.008499854973448386,0.009937337239224112,0.01091402982406744,0.01126047832023017,0.01091402982406744,0.009937337239224112,0.008499854973448386,0.00682982534424901,0.005155422644507358,0.005493964624160592,0.005194748111827066,0.00389151717706505,0.005155422644507358,0.006416027145122064,0.007501095686486469,0.00823834192849522,0.008499854973448386,0.00823834192849522,0.007501095686486469,0.007893080462615068,0.007372742294144389,0.007018439074735547,0.006901997361087575,0.006993645198370021,0.00602729971149352,0.006619693709314979,0.00682982534424901,0.006619693709314979,0.00602729971149352,0.005155422644507358,0.004142498471769416,0.003126921897670497,0.002217319649637031,0.001477053317493005,0.000526659579378242,0.002939709564605673,0.004341119391979081,0.006026697832785232,0.008392181844734425,0.01044080525109214,0.0122449321525351,0.01354390005445732,0.01413588427377508,0.01392979730622672,0.0129682163681048,0.01141339822648838,0.009502562530474792,0.0074893540798979,0.005591063186927024,0.003626153213378659,0.001114938338292962,0.0007906096687200192,0.000526659579378242,0,0,0,0,0,0,0,0,0,0,0,0,0,0.002149099895885654,0.003226181053686119,0.004549644515292227,0.00602729971149352,0.007501095686486469,0.008769669333553833,0.009631597514455409,0.009937337239224112,0.009631597514455409,0.008769669333553833,0.007501095686486469,0.00602729971149352,0.004549644515292227,0.005375280949571773,0.005375280949571773,0.004549644515292227
